Power Saving
1 5 10
-40 4 12 100 100
-80 0 0 0 0
Individuo 1
-80 -80 -60 -80 -60 -40 -60 -40 -40
0 0 2 0 2 4 2 4 4
0 0 6 0 6 12 6 12 12
0 0 50 0 50 100 50 100 100
0 0 50 0 50 100 50 100 100
Individuo 2
-80.0 -80.0 -60.87610224031937 -71.13199579507994 -49.773811528627625 -40.20497953733113 -50.24366530649088 -40.0 -40.0 
0.0 0.0 1.6606980068413857 0.5750828874566195 0.9738514067549701 3.3992678163839427 2.4345663158789796 4.0 4.0 
0.0 0.0 4.386060132163028 2.0618695886208265 3.873250914977577 11.570772979348623 7.453688567654076 12.0 12.0 
0.0 0.0 46.61554440357513 4.967731641134735 60.36957184929203 84.71120026265571 51.36761481804995 100.0 100.0 
0.0 0.0 38.16649727709612 4.5033429110485885 58.82606547607972 88.1911536804007 71.62490774474631 100.0 100.0 
Individuo 3
-80.0 -80.0 -60.82019326700029 -78.05411061705496 -51.550425550827114 -41.12227547201417 -55.60489600436448 -40.0 -40.0 
0.0 0.0 1.4455709511322075 0.36852199885596215 2.936003267951025 3.297689260365122 2.400094486402348 4.0 4.0 
0.0 0.0 4.206140120348593 0.7968937856757221 6.656005441435442 10.51119996902088 6.962895390554127 12.0 12.0 
0.0 0.0 44.34137630756349 21.1076705875526 72.92885012766774 77.5183581058783 52.85044397701343 100.0 100.0 
0.0 0.0 31.15966936115214 0.06760423149057682 74.96778804041904 92.85407933700914 66.51837036948966 100.0 100.0 
Individuo 4
-80.0 -80.0 -64.21007219377822 -78.92803967720377 -57.634035632918696 -40.681037269785946 -57.740578488282196 -40.0 -40.0 
0.0 0.0 1.3567442774750456 0.30976876557568583 0.934690343288153 3.6884131211257 2.3276176508510025 4.0 4.0 
0.0 0.0 3.3614419452325386 0.5800385367264946 3.387331582293352 10.299843264833857 6.481752155524234 12.0 12.0 
0.0 0.0 27.965143722992547 9.346680409842676 34.12668078380065 88.78043083563686 70.48904731226665 100.0 100.0 
0.0 0.0 41.16356468823824 18.605094348969985 35.331096473058736 86.27158576919824 57.881423402536704 100.0 100.0 
Individuo 5
-80.0 -80.0 -68.73583869021357 -77.52936413883002 -60.99205972179668 -44.80738172391445 -58.172147081703855 -40.0 -40.0 
0.0 0.0 1.1460132521591873 0.2130500438665082 3.3976008241707953 3.8745372063504573 2.959206680059446 4.0 4.0 
0.0 0.0 3.624591846815904 0.3165379762816971 8.666950801764788 11.40767186084402 7.57392711417911 12.0 12.0 
0.0 0.0 40.0284226651431 0.23383149459474903 50.542619645397174 84.05933422215165 59.096929192565824 100.0 100.0 
0.0 0.0 25.348427986688186 3.1957824250712368 57.43428512142333 86.35775582822846 70.46082440014283 100.0 100.0 
Individuo 6
-80.0 -80.0 -62.96330441947492 -75.40389774069241 -59.72361979214965 -40.30714236462434 -53.021197959480254 -40.0 -40.0 
0.0 0.0 1.3098381437585436 0.6243691587554121 0.85460642204176 3.426517973187439 2.1676797905086227 4.0 4.0 
0.0 0.0 4.469758523348075 0.5366516907903575 8.306954394348562 11.403257757356066 8.95785445348137 12.0 12.0 
0.0 0.0 45.469017088774436 3.5680870934618008 53.73148130414094 90.00530687223564 63.07494798317484 100.0 100.0 
0.0 0.0 47.47336719004974 7.502562647800718 63.783694613651654 91.14776235342089 71.20882948545864 100.0 100.0 
Individuo 7
-80.0 -80.0 -66.77494920139497 -77.69678956043441 -56.01037562754645 -42.00233304404712 -54.56860356916058 -40.0 -40.0 
0.0 0.0 1.6577994945539594 0.11649953405662344 2.081618192402073 3.939137957794922 2.080448569459548 4.0 4.0 
0.0 0.0 4.798837802078811 1.2998249550450223 6.661195282927991 10.960946994847458 8.873540826730437 12.0 12.0 
0.0 0.0 25.627819237844278 7.012940143676814 35.22097803120835 94.86032322272101 71.9766622510437 100.0 100.0 
0.0 0.0 28.047948255025183 10.614196495957442 63.11836985758664 90.07101204569884 58.66592283761284 100.0 100.0 
Individuo 8
-80.0 -80.0 -60.17713928506616 -73.66663135181095 -49.14286711492625 -43.7398227761859 -53.96547458021902 -40.0 -40.0 
0.0 0.0 1.7360672706516342 0.3237473426640186 1.0328226958495537 3.516517959794043 2.695554675780092 4.0 4.0 
0.0 0.0 3.7036564827252767 1.6114004556064727 7.063546996893882 10.97662491680722 6.023593107668531 12.0 12.0 
0.0 0.0 36.941724939837144 0.9408261431188782 37.84274299130533 87.92903572574274 69.05898777687753 100.0 100.0 
0.0 0.0 36.99651686707851 9.102185740023597 49.66238416050407 95.88371859178085 62.1779789087033 100.0 100.0 
Individuo 9
-80.0 -80.0 -66.76172934777851 -75.2016328620096 -57.251022923367316 -46.00378827214653 -59.232137495457195 -40.0 -40.0 
0.0 0.0 1.5126366132076714 0.21780542483277546 1.6779778656994724 3.895941968854033 2.8256860263667845 4.0 4.0 
0.0 0.0 5.717449320315012 0.38075284955710154 4.385298949661606 10.595667310368109 6.18539829541686 12.0 12.0 
0.0 0.0 46.68226563372287 21.239295879994117 38.915657795330375 87.29777929208025 61.95986589860977 100.0 100.0 
0.0 0.0 43.800043629376006 8.704677572510452 70.72637484113696 86.64035821206087 52.440176940318466 100.0 100.0 
Individuo 10
-80.0 -80.0 -65.31877703492405 -73.30320410366447 -66.6979752893178 -46.19405376352311 -55.172038586027305 -40.0 -40.0 
0.0 0.0 1.4893206569157327 0.476262607949898 2.2193999914048317 3.337351358016926 2.504227536327355 4.0 4.0 
0.0 0.0 4.682110115862908 1.6466208650801117 2.703586918524738 11.204125871847499 7.827226192050403 12.0 12.0 
0.0 0.0 25.760296294217465 7.911078399661371 55.25205447110987 91.78687961667488 52.75827678666443 100.0 100.0 
0.0 0.0 38.89852115084713 7.178526066649983 35.28900624697288 95.65728169389544 59.89287310442255 100.0 100.0 
