Individuo 0 Energy 51.26294069449439
-80.0 -80.0 -60.0 -80.0 -60.0 -40.0 -60.0 -40.0 -40.0 
0.0 0.0 4.0 0.0 4.0 8.0 4.0 8.0 8.0 
0.0 0.0 12.5 0.0 12.5 25.0 12.5 25.0 25.0 
0.0 0.0 50.0 0.0 50.0 100.0 50.0 100.0 100.0 
0.0 0.0 50.0 0.0 50.0 100.0 50.0 100.0 100.0 
Individuo 1 Energy 51.26294069449439
-80.0 -80.0 -56.09838516759428 -79.37224031800685 -59.46672839963881 -44.87845438509239 -50.63627638461414 -40.0 -40.0 
0.0 0.0 2.337877793286969 1.023837721770428 2.521514214342826 7.082274919528358 2.9270501664415374 8.0 8.0 
0.0 0.0 10.17573946105107 3.347065042767837 10.125421972823654 24.925096994495288 18.013030612438 25.0 25.0 
0.0 0.0 27.343225666977734 8.816964487776202 58.91658027174401 86.98450426434594 57.14217540093707 100.0 100.0 
0.0 0.0 37.77434162564177 7.46499871300495 44.93777231213474 97.41170561699491 62.205015588884734 100.0 100.0 
Individuo 2 Energy 51.26294069449439
-80.0 -80.0 -58.72525778732897 -70.26741304720686 -61.715406535212054 -46.7945346230603 -58.54692008436137 -40.0 -40.0 
0.0 0.0 3.535426623685272 1.7489870600369788 4.258993873406132 6.764479011573863 3.871803978051208 8.0 8.0 
0.0 0.0 6.318239352147949 1.0902596903120725 17.92691825955652 22.637579469391476 14.651573120670346 25.0 25.0 
0.0 0.0 52.594224822142436 15.961695440084739 32.39981090299075 86.06837843322758 71.36387020594421 100.0 100.0 
0.0 0.0 30.276486415812737 22.121750543465804 44.077372247105 87.96011812892955 42.025608534571134 100.0 100.0 
Individuo 3 Energy 51.26294069449439
-80.0 -80.0 -63.48064683765568 -79.37937158645235 -65.79758561551203 -40.54319969084257 -57.44834135878475 -40.0 -40.0 
0.0 0.0 3.7948312789879033 1.0813494971005086 3.0774251153691052 7.629682635994033 5.558582175111103 8.0 8.0 
0.0 0.0 12.51424634829623 3.485976691742449 6.405053003109996 21.193407656226558 16.850160001824165 25.0 25.0 
0.0 0.0 31.826399840931924 13.353119169433992 42.12992830269993 92.23698438079693 72.18328951274064 100.0 100.0 
0.0 0.0 52.7831197252001 13.762575287121132 74.36464748046579 84.88400647435319 59.219282227848645 100.0 100.0 
Individuo 4 Energy 51.26294069449439
-80.0 -80.0 -59.79493178397444 -74.22890667466277 -68.79177527360388 -43.71329550124082 -56.75535336706206 -40.0 -40.0 
0.0 0.0 3.556500940937891 1.3815599519229826 2.659363372872363 7.374530917089048 3.9366475116875557 8.0 8.0 
0.0 0.0 12.241554994361497 0.33421137830329795 12.095133890492189 20.428612926321694 13.602376494410017 25.0 25.0 
0.0 0.0 43.37766393241185 8.46126745865369 33.88328005408045 85.73023902073042 59.93117493674438 100.0 100.0 
0.0 0.0 69.11808465203947 24.338563404965097 49.40905658690462 75.39139717468784 74.77564644348315 100.0 100.0 
Individuo 5 Energy 51.06330914480088
-80.0 -80.0 -52.37686592175788 -71.69534367021059 -59.35964415837881 -41.736683144231755 -51.87625096835139 -40.0 -40.0 
0.0 0.0 4.813792162163987 1.17858915759685 5.812407076084164 7.050601035598799 5.98239837966763 8.0 8.0 
0.0 0.0 12.02771409597257 3.793194436450239 9.017031228616109 19.52497965505026 16.104754782241738 25.0 25.0 
0.0 0.0 72.50139020779005 1.6241680732753838 71.72411358580338 95.85609725379068 72.82159936840114 100.0 100.0 
0.0 0.0 53.00240588038503 0.8406384472584322 26.795734590100018 85.40550375731246 58.622731641740664 100.0 100.0 
Individuo 6 Energy 51.26294069449439
-80.0 -80.0 -56.85509268014965 -75.48684955304749 -61.50756121930199 -44.405589809951636 -51.20476236453955 -40.0 -40.0 
0.0 0.0 4.061867300334436 0.03111367520935482 2.163834457370205 7.71396807334426 5.010079895361026 8.0 8.0 
0.0 0.0 8.367878075441114 0.6186173048972226 16.44392479675449 22.666049267475074 16.116527021475893 25.0 25.0 
0.0 0.0 34.89358634934571 1.2225487022337278 62.66212275052962 83.40007444055051 61.390274886923606 100.0 100.0 
0.0 0.0 46.544557824418064 5.614465059164273 50.51328071903551 84.94046159365527 65.21716217829173 100.0 100.0 
Individuo 7 Energy 51.26294069449439
-80.0 -80.0 -62.328711620609 -72.1686150038399 -69.52749366661703 -40.89243710900119 -60.20761602754686 -40.0 -40.0 
0.0 0.0 2.515981475420664 1.3204066726700987 5.429254409103039 6.785924423153752 4.549301295242738 8.0 8.0 
0.0 0.0 17.18418170920549 0.2702699070388892 14.518002980511017 18.78253010542929 18.063334821172194 25.0 25.0 
0.0 0.0 66.10468854852645 14.031625710151966 36.56118995081355 87.56720750729166 70.99265420298183 100.0 100.0 
0.0 0.0 66.77597174662392 11.255786515298375 46.41627644760283 95.89296077236237 70.46612717743257 100.0 100.0 
Individuo 8 Energy 51.26294069449439
-80.0 -80.0 -58.63501212203322 -74.0155984368183 -54.08134558799606 -47.50146088918385 -52.536167161720506 -40.0 -40.0 
0.0 0.0 5.985437094672023 1.2856214012043212 3.375180651436747 7.4302847720313405 5.993676608141941 8.0 8.0 
0.0 0.0 12.232464681990752 3.97678150775757 10.610144357684893 20.560728031315094 18.552268727923632 25.0 25.0 
0.0 0.0 51.63590579382523 19.45515322334364 66.47086173458361 96.02610489134202 62.66115049652163 100.0 100.0 
0.0 0.0 37.38995294361828 5.36180843887295 62.19106288246657 88.25362720875597 44.39855285388903 100.0 100.0 
Individuo 9 Energy 108.54816646385935
-80.0 -80.0 -65.36030280868813 -73.7449378049106 -64.7674971042597 -48.15957047205457 -52.58174420367503 -40.0 -40.0 
0.0 0.0 3.1014874257275666 0.09683451650879649 2.327278769144358 7.111546061707269 4.16275575640711 8.0 8.0 
0.0 0.0 10.45599864609155 3.595151519559388 7.3000085335911 24.764981551664327 13.916919872451965 25.0 25.0 
0.0 0.0 73.15979417586527 22.398715924223662 25.19715323181516 77.23249844425568 73.17978165271411 100.0 100.0 
0.0 0.0 44.75390765149352 5.121163241824581 73.40338054406223 87.27502793254814 67.47470833687825 100.0 100.0 
