ID  RSSI  Neighbors  Sources  Throughput
239 0 1 -1 0
855 0 2 -1 0
1016 -72.7895 1 0 0
239 -78.1353 1 1 0
855 -80.3046 2 2 0
1016 -80.109 1 4 0
239 -78.1353 1 1 10.9243
855 -80.3046 2 2 3.426
1016 -80.109 1 4 5.51533
239 -78.1353 1 1 8.52707
855 -80.3046 2 2 2.42295
1016 -80.109 1 4 4.35066
239 -78.4612 0 3 12.1851
1016 -80.109 0 4 4.7405
239 -78.4612 0 3 10.5669
1016 -80.109 0 4 4.01547
239 -78.4612 0 3 21.8777
1016 -80.109 0 4 13.5806
239 -78.4612 0 3 19.8454
1016 -80.109 0 4 11.1636
239 -78.4612 0 3 39.7985
1016 -80.109 0 4 11.1081
239 -78.4612 0 3 35.3485
1016 -80.109 0 4 9.90382
239 -78.4612 0 3 36.3189
1016 -80.109 0 4 10.0445
239 -78.4612 0 3 33.9347
1016 -80.109 0 4 9.31575
239 -78.4612 0 3 37.047
1016 -80.109 0 4 10.7932
239 -78.4612 0 3 33.4962
1016 -80.109 0 4 9.86173
239 -78.4612 0 3 34.7282
1016 -80.109 0 4 11.6611
239 -78.4612 0 3 33.0561
1016 -80.109 0 4 11.2403
239 -78.4612 0 3 38.1286
1016 -80.109 0 4 12.9604
239 -78.4612 0 3 36.8018
1016 -80.109 0 4 12.2781
239 -78.4612 0 3 40.1169
1016 -80.109 0 4 13.2829
239 -78.4612 0 3 37.6992
1016 -80.109 0 4 12.7486
239 -78.4612 0 3 36.5669
1016 -80.109 0 4 12.9221
239 -78.4612 0 3 34.4255
1016 -80.109 0 4 12.3236
239 -78.4612 0 3 38.785
1016 -80.109 0 4 13.1417
239 -78.4612 0 3 37.5962
1016 -80.109 0 4 12.6842
239 -78.4612 0 3 36.4473
1016 -80.109 0 4 12.7776
239 -78.4612 0 3 34.939
1016 -80.109 0 4 12.0543
239 -78.4612 0 3 34.4956
1016 -80.109 0 4 13.0042
239 -78.4612 0 3 33.6743
1016 -80.109 0 4 12.6013
239 -78.4612 0 3 33.1393
1016 -80.109 0 4 13.2819
239 -78.4612 0 3 31.7623
1016 -80.109 0 4 12.8733
239 -78.4612 0 3 33.4948
1016 -80.109 0 4 13.553
239 -78.4612 0 3 32.8991
1016 -80.109 0 4 13.2273
239 -78.4612 0 3 33.7226
1016 -80.109 0 4 14.0042
239 -78.4612 0 3 32.6041
1016 -80.109 0 4 13.5825
239 -78.4612 0 3 33.4641
1016 -80.109 0 4 13.5624
239 -78.4612 0 3 32.7266
1016 -80.109 0 4 13.1409
239 -78.4612 0 3 33.1914
1016 -80.109 0 4 13.2265
239 -78.4612 0 3 32.2164
1016 -80.109 0 4 12.9269
239 -78.4612 0 3 33.6329
1016 -80.109 0 4 12.8237
239 -78.4612 0 3 32.6465
1016 -80.109 0 4 12.6096
239 -78.4612 0 3 35.1819
1016 -80.109 0 4 12.8664
239 -78.4612 0 3 34.4525
1016 -80.109 0 4 12.4702
239 -78.4612 0 3 36.7124
1016 -80.109 0 4 12.8539
239 -78.4612 0 3 35.9409
1016 -80.109 0 4 13.2452
239 -78.4612 0 3 37.1511
1016 -80.109 0 4 13.8622
239 -78.4612 0 3 36.763
1016 -80.109 0 4 13.5855
239 -78.4612 0 3 38.8764
1016 -80.109 0 4 14.0073
239 -78.4612 0 3 38.1787
1016 -80.109 0 4 14.8874
239 -78.4612 0 3 39.1538
1016 -80.109 0 4 14.6754
239 -78.4612 0 3 38.6256
1016 -80.109 0 4 14.2451
239 -78.4612 0 3 40.897
1016 -80.109 0 4 14.7253
239 -78.4612 0 3 42.2023
1016 -80.109 0 4 14.4853
239 -78.4612 0 3 44.0183
1016 -80.109 0 4 14.8471
239 -78.4612 0 3 42.9639
1016 -80.109 0 4 14.557
239 -78.4612 0 3 42.4603
1016 -80.109 0 4 16.5798
239 -78.4612 0 3 41.7493
1016 -80.109 0 4 16.2359
239 -78.4612 0 3 42.026
1016 -80.109 0 4 16.3856
239 -78.4612 0 3 41.3994
1016 -80.109 0 4 16.0696
239 -78.4612 0 3 41.5485
1016 -80.109 0 4 16.2875
239 -78.4612 0 3 40.7837
1016 -80.109 0 4 15.9559
239 -78.4612 0 3 40.937
1016 -80.109 0 4 17.6336
239 -78.4612 0 3 40.3194
1016 -80.109 0 4 17.3202
239 -78.4612 0 3 41.6618
1016 -80.109 0 4 17.181
239 -78.4612 0 3 40.9565
1016 -80.109 0 4 16.9766
239 -78.4612 0 3 40.7796
1016 -80.109 0 4 17.3598
239 -78.4612 0 3 40.2235
1016 -80.109 0 4 17.1077
239 -78.4612 0 3 41.1004
1016 -80.109 0 4 17.1794
239 -78.4612 0 3 40.6341
1016 -80.109 0 4 16.9377
239 -78.4612 0 3 41.9892
1016 -80.109 0 4 16.9624
239 -78.4612 0 3 41.7123
1016 -80.109 0 4 16.7107
239 -78.4612 0 3 41.754
1016 -80.109 0 4 16.7041
239 -78.4612 0 3 40.9096
1016 -80.109 0 4 16.5228
239 -78.4612 0 3 40.8783
1016 -80.109 0 4 16.9101
239 -78.4612 0 3 40.3967
1016 -80.109 0 4 16.5987
239 -78.4612 0 3 39.9534
1016 -80.109 0 4 16.6702
239 -78.4612 0 3 39.6271
1016 -80.109 0 4 16.5378
239 -78.4612 0 3 39.2052
1016 -80.109 0 4 16.8566
239 -78.4612 0 3 38.6475
1016 -80.109 0 4 16.721
239 -78.4612 0 3 39.8832
1016 -80.109 0 4 16.7105
239 -78.4612 0 3 39.071
1016 -80.109 0 4 16.5451
239 -78.4612 0 3 39.9414
1016 -80.109 0 4 16.3988
239 -78.4612 0 3 39.2323
1016 -80.109 0 4 16.2279
239 -78.4612 0 3 40.211
1016 -80.109 0 4 16.4315
239 -78.4612 0 3 39.5305
1016 -80.109 0 4 16.2778
239 -78.4612 0 3 39.1343
1016 -80.109 0 4 16.8126
239 -78.4612 0 3 38.7777
1016 -80.109 0 4 16.6924
239 -78.4612 0 3 38.5939
1016 -80.109 0 4 16.9305
239 -78.4612 0 3 38.186
1016 -80.109 0 4 16.7782
239 -78.4612 0 3 38.6853
1016 -80.109 0 4 16.7173
239 -78.4612 0 3 38.2188
1016 -80.109 0 4 16.5343
239 -78.4612 0 3 38.4024
1016 -80.109 0 4 16.9074
239 -78.4612 0 3 38.0971
1016 -80.109 0 4 16.7693
239 -78.4612 0 3 38.7198
1016 -80.109 0 4 17.5013
239 -78.4612 0 3 38.4843
1016 -80.109 0 4 17.3896
239 -78.4612 0 3 39.6521
1016 -80.109 0 4 17.9963
239 -78.4612 0 3 39.2489
1016 -80.109 0 4 17.734
239 -78.4612 0 3 39.5721
1016 -80.109 0 4 18.4249
239 -78.4612 0 3 39.3389
1016 -80.109 0 4 18.1771
239 -78.4612 0 3 41.0004
1016 -80.109 0 4 18.2231
239 -78.4612 0 3 40.6913
1016 -80.109 0 4 18.0253
239 -78.4612 0 3 40.704
1016 -80.109 0 4 18.8849
239 -78.4612 0 3 40.426
1016 -80.109 0 4 18.7756
239 -78.4612 0 3 42.0293
1016 -80.109 0 4 18.7864
239 -78.4612 0 3 41.6533
1016 -80.109 0 4 18.5204
239 -78.4612 0 3 41.8757
1016 -80.109 0 4 18.3878
239 -78.4612 0 3 41.4544
1016 -80.109 0 4 18.2952
239 -78.4612 0 3 41.5313
1016 -80.109 0 4 18.4331
239 -78.4612 0 3 40.9777
1016 -80.109 0 4 18.29
239 -78.4612 0 3 41.1498
1016 -80.109 0 4 18.9414
239 -78.4612 0 3 40.8879
1016 -80.109 0 4 18.7317
239 -78.4612 0 3 40.848
1016 -80.109 0 4 18.7744
239 -78.4612 0 3 40.487
1016 -80.109 0 4 18.6433
239 -78.4612 0 3 41.1718
1016 -80.109 0 4 18.5167
239 -78.4612 0 3 40.6054
1016 -80.109 0 4 18.4571
239 -78.4612 0 3 40.8144
1016 -80.109 0 4 18.7082
239 -78.4612 0 3 40.3779
1016 -80.109 0 4 18.5203
239 -78.4612 0 3 40.8927
1016 -80.109 0 4 18.5179
239 -78.4612 0 3 40.4575
1016 -80.109 0 4 18.3615
239 -78.4612 0 3 40.9667
1016 -80.109 0 4 18.4383
239 -78.4612 0 3 40.5498
1016 -80.109 0 4 18.2622
239 -78.4612 0 3 40.9264
1016 -80.109 0 4 18.2611
239 -78.4612 0 3 40.5056
1016 -80.109 0 4 18.1597
239 -78.4612 0 3 40.8415
1016 -80.109 0 4 18.0935
239 -78.4612 0 3 40.6189
1016 -80.109 0 4 17.9448
239 -78.4612 0 3 40.2207
1016 -80.109 0 4 17.944
239 -78.4612 0 3 39.8805
1016 -80.109 0 4 17.8386
239 -78.4612 0 3 41.2466
1016 -80.109 0 4 17.7983
239 -78.4612 0 3 40.9564
1016 -80.109 0 4 17.6749
239 -78.4612 0 3 41.1191
1016 -80.109 0 4 17.6897
239 -78.4612 0 3 40.6968
1016 -80.109 0 4 17.6084
239 -78.4612 0 3 41.2709
1016 -80.109 0 4 17.71
239 -78.4612 0 3 40.8825
1016 -80.109 0 4 17.5701
239 -78.4612 0 3 40.939
1016 -80.109 0 4 17.6617
239 -78.4612 0 3 40.5801
1016 -80.109 0 4 17.4537
239 -78.4612 0 3 41.0286
1016 -80.109 0 4 17.3765
239 -78.4612 0 3 40.6201
1016 -80.109 0 4 17.2186
239 -78.4612 0 3 41.2318
1016 -80.109 0 4 17.4407
239 -78.4612 0 3 40.889
1016 -80.109 0 4 17.2747
239 -78.4612 0 3 40.7632
1016 -80.109 0 4 17.9056
239 -78.4612 0 3 40.4067
1016 -80.109 0 4 17.7556
239 -78.4612 0 3 40.4891
1016 -80.109 0 4 17.9612
239 -78.4612 0 3 40.1121
1016 -80.109 0 4 17.837
239 -78.4612 0 3 41.0825
1016 -80.109 0 4 18.2809
239 -78.4612 0 3 40.8879
1016 -80.109 0 4 18.1374
239 -78.4612 0 3 41.2906
1016 -80.109 0 4 18.0033
239 -78.4612 0 3 41.0347
1016 -80.109 0 4 17.925
239 -78.4612 0 3 41.9558
1016 -80.109 0 4 19.2228
239 -78.4612 0 3 41.6803
1016 -80.109 0 4 19.1286
239 -78.4612 0 3 42.1856
1016 -80.109 0 4 19.4782
239 -78.4612 0 3 41.9243
1016 -80.109 0 4 19.3208
239 -78.4612 0 3 41.9106
1016 -80.109 0 4 19.2159
239 -78.4612 0 3 41.7732
1016 -80.109 0 4 19.0873
239 -78.4612 0 3 42.0715
1016 -80.109 0 4 19.7576
239 -78.4612 0 3 41.873
1016 -80.109 0 4 19.6035
239 -78.4612 0 3 42.1656
1016 -80.109 0 4 19.5755
239 -78.4612 0 3 41.8196
1016 -80.109 0 4 19.4561
239 -78.4612 0 3 42.0749
1016 -80.109 0 4 19.6502
239 -78.4612 0 3 41.8617
1016 -80.109 0 4 19.5094
239 -78.4612 0 3 41.8508
1016 -80.109 0 4 19.3856
239 -78.4612 0 3 41.6928
1016 -80.109 0 4 19.2739
239 -78.4612 0 3 41.7599
1016 -80.109 0 4 19.3367
239 -78.4612 0 3 41.5043
1016 -80.109 0 4 19.2054
239 -78.4612 0 3 41.7578
1016 -80.109 0 4 19.4571
239 -78.4612 0 3 41.564
1016 -80.109 0 4 19.3735
239 -78.4612 0 3 42.1602
1016 -80.109 0 4 19.3576
239 -78.4612 0 3 41.9975
1016 -80.109 0 4 19.2151
239 -78.4612 0 3 41.7841
1016 -80.109 0 4 19.6003
239 -78.4612 0 3 41.5199
1016 -80.109 0 4 19.4788
239 -78.4612 0 3 41.6974
1016 -80.109 0 4 19.4254
239 -78.4612 0 3 41.4111
1016 -80.109 0 4 19.3203
239 -78.4612 0 3 41.4576
1016 -80.109 0 4 19.2474
239 -78.4612 0 3 41.2021
1016 -80.109 0 4 19.1381
239 -78.4612 0 3 41.129
1016 -80.109 0 4 19.4277
239 -78.4612 0 3 40.7901
1016 -80.109 0 4 19.317
239 -78.4612 0 3 40.9809
1016 -80.109 0 4 19.9615
239 -78.4612 0 3 40.7985
1016 -80.109 0 4 19.8605
239 -78.4612 0 3 41.1097
1016 -80.109 0 4 19.9459
239 -78.4612 0 3 41.0012
1016 -80.109 0 4 19.832
239 -78.4612 0 3 41.0351
1016 -80.109 0 4 19.9406
239 -78.4612 0 3 40.7877
1016 -80.109 0 4 19.8059
239 -78.4612 0 3 41.5161
1016 -80.109 0 4 19.8809
239 -78.4612 0 3 41.2317
1016 -80.109 0 4 19.748
239 -78.4612 0 3 41.1735
1016 -80.109 0 4 19.8197
239 -78.4612 0 3 40.9485
1016 -80.109 0 4 19.7615
239 -78.4612 0 3 40.9056
1016 -80.109 0 4 20.0311
239 -78.4612 0 3 40.6673
1016 -80.109 0 4 19.9344
239 -78.4612 0 3 41.0693
1016 -80.109 0 4 19.8579
239 -78.4612 0 3 40.8553
1016 -80.109 0 4 19.7519
239 -78.4612 0 3 41.1113
1016 -80.109 0 4 19.9002
239 -78.4612 0 3 40.9429
1016 -80.109 0 4 19.7786
239 -78.4612 0 3 40.8304
1016 -80.109 0 4 19.7452
239 -78.4612 0 3 40.6016
1016 -80.109 0 4 19.6543
239 -78.4612 0 3 41.2142
1016 -80.109 0 4 19.6382
239 -78.4612 0 3 41.0683
1016 -80.109 0 4 19.5661
239 -78.4612 0 3 41.1787
1016 -80.109 0 4 19.4734
239 -78.4612 0 3 40.9048
1016 -80.109 0 4 19.3313
239 -78.4612 0 3 41.2058
1016 -80.109 0 4 19.3502
239 -78.4612 0 3 40.9432
1016 -80.109 0 4 19.2408
239 -78.4612 0 3 40.9323
1016 -80.109 0 4 19.362
239 -78.4612 0 3 40.6324
1016 -80.109 0 4 19.1955
239 -78.4612 0 3 40.6846
1016 -80.109 0 4 19.3413
239 -78.4612 0 3 40.5047
1016 -80.109 0 4 19.2045
239 -78.4612 0 3 40.5508
1016 -80.109 0 4 19.253
239 -78.4612 0 3 40.4448
1016 -80.109 0 4 19.1783
239 -78.4612 0 3 40.9068
1016 -80.109 0 4 19.2772
239 -78.4612 0 3 40.6037
1016 -80.109 0 4 19.2447
239 -78.4612 0 3 40.7723
1016 -80.109 0 4 19.171
239 -78.4612 0 3 40.678
1016 -80.109 0 4 19.0732
239 -78.4612 0 3 40.7009
1016 -80.109 0 4 18.9853
239 -78.4612 0 3 40.5255
1016 -80.109 0 4 18.9207
239 -78.4612 0 3 41.2568
1016 -80.109 0 4 18.9884
239 -78.4612 0 3 41.1033
1016 -80.109 0 4 18.9272
239 -78.4612 0 3 41.3044
1016 -80.109 0 4 18.9874
239 -78.4612 0 3 41.0424
1016 -80.109 0 4 18.8915
239 -78.4612 0 3 41.2361
1016 -80.109 0 4 19.1635
239 -78.4612 0 3 41.0295
1016 -80.109 0 4 19.0994
239 -78.4612 0 3 41.1322
1016 -80.109 0 4 19.1092
239 -78.4612 0 3 40.9069
1016 -80.109 0 4 19.0613
239 -78.4612 0 3 40.9081
1016 -80.109 0 4 19.2132
239 -78.4612 0 3 40.6439
1016 -80.109 0 4 19.1304
239 -78.4612 0 3 41.0431
1016 -80.109 0 4 19.0801
239 -78.4612 0 3 40.8122
1016 -80.109 0 4 19.0221
239 -78.4612 0 3 40.6669
1016 -80.109 0 4 19.0789
239 -78.4612 0 3 40.4055
1016 -80.109 0 4 19.0191
239 -78.4612 0 3 40.4136
1016 -80.109 0 4 19.0896
239 -78.4612 0 3 40.1525
1016 -80.109 0 4 19.0062
239 -78.4612 0 3 40.1244
1016 -80.109 0 4 19.1384
239 -78.4612 0 3 39.9986
1016 -80.109 0 4 19.0219
239 -78.4612 0 3 39.8629
1016 -80.109 0 4 19.0893
239 -78.4612 0 3 39.7363
1016 -80.109 0 4 18.9874
239 -78.4612 0 3 39.5826
1016 -80.109 0 4 19.0728
239 -78.4612 0 3 39.3871
1016 -80.109 0 4 18.9839
239 -78.4612 0 3 39.6501
1016 -80.109 0 4 19.0155
239 -78.4612 0 3 39.4913
1016 -80.109 0 4 18.9622
239 -78.4612 0 3 39.4686
1016 -80.109 0 4 19.066
239 -78.4612 0 3 39.4002
1016 -80.109 0 4 18.9809
239 -78.4612 0 3 39.7163
1016 -80.109 0 4 18.9885
239 -78.4612 0 3 39.5794
1016 -80.109 0 4 18.9332
239 -78.4612 0 3 39.6581
1016 -80.109 0 4 18.945
239 -78.4612 0 3 39.5516
1016 -80.109 0 4 18.8392
239 -78.4612 0 3 39.5368
1016 -80.109 0 4 18.8319
239 -78.4612 0 3 39.3862
1016 -80.109 0 4 18.7211
239 -78.4612 0 3 39.3804
1016 -80.109 0 4 18.6781
239 -78.4612 0 3 39.1784
1016 -80.109 0 4 18.6184
239 -78.4612 0 3 39.4446
1016 -80.109 0 4 18.6956
239 -78.4612 0 3 39.2958
1016 -80.109 0 4 18.6208
239 -78.4612 0 3 39.1711
1016 -80.109 0 4 18.6134
239 -78.4612 0 3 39.0096
1016 -80.109 0 4 18.5279
239 -78.4612 0 3 39.7228
1016 -80.109 0 4 18.4595
239 -78.4612 0 3 39.5675
1016 -80.109 0 4 18.373
239 -78.4612 0 3 39.449
1016 -80.109 0 4 18.3725
239 -78.4612 0 3 39.2833
1016 -80.109 0 4 18.2578
239 -78.4612 0 3 39.3093
1016 -80.109 0 4 18.3751
239 -78.4612 0 3 39.1547
1016 -80.109 0 4 18.3018
239 -78.4612 0 3 39.2511
1016 -80.109 0 4 18.3898
239 -78.4612 0 3 39
1016 -80.109 0 4 18.3011
239 -78.4612 0 3 39.2654
1016 -80.109 0 4 18.5819
239 -78.4612 0 3 39.1254
1016 -80.109 0 4 18.4793
239 -78.4612 0 3 39.4138
1016 -80.109 0 4 18.568
239 -78.4612 0 3 39.2454
1016 -80.109 0 4 18.4998
239 -78.4612 0 3 39.3286
1016 -80.109 0 4 18.4475
239 -78.4612 0 3 39.1988
1016 -80.109 0 4 18.3819
239 -78.4612 0 3 39.5106
1016 -80.109 0 4 18.3947
239 -78.4612 0 3 39.3421
1016 -80.109 0 4 18.3111
239 -78.4612 0 3 39.241
1016 -80.109 0 4 18.2905
239 -78.4612 0 3 39.1273
1016 -80.109 0 4 18.2061
239 -78.4612 0 3 39.1112
1016 -80.109 0 4 18.296
239 -78.4612 0 3 38.9903
1016 -80.109 0 4 18.2296
239 -78.4612 0 3 39.4916
1016 -80.109 0 4 18.2139
239 -78.4612 0 3 39.3893
1016 -80.109 0 4 18.1326
239 -78.4612 0 3 39.6878
1016 -80.109 0 4 18.1791
239 -78.4612 0 3 39.5716
1016 -80.109 0 4 18.0826
239 -78.4612 0 3 39.492
1016 -80.109 0 4 18.4497
239 -78.4612 0 3 39.2734
1016 -80.109 0 4 18.3508
239 -78.4612 0 3 39.6307
1016 -80.109 0 4 18.4687
239 -78.4612 0 3 39.4821
1016 -80.109 0 4 18.3895
239 -78.4612 0 3 39.3746
1016 -80.109 0 4 18.4322
239 -78.4612 0 3 39.2898
1016 -80.109 0 4 18.3662
239 -78.4612 0 3 39.2528
1016 -80.109 0 4 18.3688
239 -78.4612 0 3 39.1109
1016 -80.109 0 4 18.3239
239 -78.4612 0 3 39.076
1016 -80.109 0 4 18.3243
239 -78.4612 0 3 38.9308
1016 -80.109 0 4 18.258
239 -78.4612 0 3 39.3042
1016 -80.109 0 4 18.2548
239 -78.4612 0 3 39.1413
1016 -80.109 0 4 18.1972
239 -78.4612 0 3 39.2189
1016 -80.109 0 4 18.1583
239 -78.4612 0 3 39.1071
1016 -80.109 0 4 18.0664
239 -78.4612 0 3 39.2151
1016 -80.109 0 4 18.1151
239 -78.4612 0 3 39.0851
1016 -80.109 0 4 18.0196
239 -78.4612 0 3 39.316
1016 -80.109 0 4 18.1641
239 -78.4612 0 3 39.103
1016 -80.109 0 4 18.0881
239 -78.4612 0 3 39.0846
1016 -80.109 0 4 18.2037
239 -78.4612 0 3 38.9654
1016 -80.109 0 4 18.1548
239 -78.4612 0 3 39.1824
1016 -80.109 0 4 18.3233
239 -78.4612 0 3 39.0829
1016 -80.109 0 4 18.3319
239 -78.4612 0 3 38.9819
1016 -80.109 0 4 18.4076
239 -78.4612 0 3 38.8657
1016 -80.109 0 4 18.3721
239 -78.4612 0 3 38.989
1016 -80.109 0 4 18.3625
239 -78.4612 0 3 38.8705
1016 -80.109 0 4 18.2887
239 -78.4612 0 3 39.1039
1016 -80.109 0 4 18.4481
239 -78.4612 0 3 39.006
1016 -80.109 0 4 18.3509
239 -78.4612 0 3 39.0069
1016 -80.109 0 4 18.3054
239 -78.4612 0 3 38.7922
1016 -80.109 0 4 18.2324
239 -78.4612 0 3 38.7692
1016 -80.109 0 4 18.2387
239 -78.4612 0 3 38.6281
1016 -80.109 0 4 18.1857
239 -78.4612 0 3 38.6241
1016 -80.109 0 4 18.1717
239 -78.4612 0 3 38.4639
1016 -80.109 0 4 18.1357
239 -78.4612 0 3 38.3372
1016 -80.109 0 4 18.2583
239 -78.4612 0 3 38.2756
1016 -80.109 0 4 18.2119
239 -78.4612 0 3 38.2164
1016 -80.109 0 4 18.2188
239 -78.4612 0 3 38.1345
1016 -80.109 0 4 18.1513
239 -78.4612 0 3 38.3192
1016 -80.109 0 4 18.1379
239 -78.4612 0 3 38.1629
1016 -80.109 0 4 18.0776
239 -78.4612 0 3 38.4262
1016 -80.109 0 4 18.0212
239 -78.4612 0 3 38.2728
1016 -80.109 0 4 17.9785
239 -78.4612 0 3 38.3105
1016 -80.109 0 4 17.9572
239 -78.4612 0 3 38.2157
1016 -80.109 0 4 17.9027
239 -78.4612 0 3 38.4447
1016 -80.109 0 4 18.0011
239 -78.4612 0 3 38.3508
1016 -80.109 0 4 17.9299
239 -78.4612 0 3 38.5638
1016 -80.109 0 4 18.0855
239 -78.4612 0 3 38.429
1016 -80.109 0 4 18.0298
239 -78.4612 0 3 38.4622
1016 -80.109 0 4 18.0654
239 -78.4612 0 3 38.3417
1016 -80.109 0 4 18.0154
239 -78.4612 0 3 38.3175
1016 -80.109 0 4 18.073
239 -78.4612 0 3 38.1735
1016 -80.109 0 4 18.0374
239 -78.4612 0 3 38.1682
1016 -80.109 0 4 18.0213
239 -78.4612 0 3 38.1185
1016 -80.109 0 4 17.9787
239 -78.4612 0 3 38.066
1016 -80.109 0 4 17.9611
239 -78.4612 0 3 37.998
1016 -80.109 0 4 17.8926
239 -78.4612 0 3 38.061
1016 -80.109 0 4 18.0547
239 -78.4612 0 3 37.9778
1016 -80.109 0 4 17.9851
239 -78.4612 0 3 38.1239
1016 -80.109 0 4 17.943
239 -78.4612 0 3 38.0111
1016 -80.109 0 4 17.8955
239 -78.4612 0 3 38.1873
1016 -80.109 0 4 18.3021
239 -78.4612 0 3 38.0928
1016 -80.109 0 4 18.2766
239 -78.4612 0 3 38.2601
1016 -80.109 0 4 18.2287
239 -78.4612 0 3 38.1336
1016 -80.109 0 4 18.1648
239 -78.4612 0 3 38.1488
1016 -80.109 0 4 18.1631
239 -78.4612 0 3 38.0421
1016 -80.109 0 4 18.0999
239 -78.4612 0 3 37.9274
1016 -80.109 0 4 18.3709
239 -78.4612 0 3 37.8534
1016 -80.109 0 4 18.2876
239 -78.4612 0 3 38.2052
1016 -80.109 0 4 18.3018
239 -78.4612 0 3 38.0858
1016 -80.109 0 4 18.2613
239 -78.4612 0 3 38.3344
1016 -80.109 0 4 18.3152
239 -78.4612 0 3 38.2638
1016 -80.109 0 4 18.2503
239 -78.4612 0 3 38.2669
1016 -80.109 0 4 18.4078
239 -78.4612 0 3 38.0997
1016 -80.109 0 4 18.3684
239 -78.4612 0 3 38.3515
1016 -80.109 0 4 18.4087
239 -78.4612 0 3 38.2389
1016 -80.109 0 4 18.3728
239 -78.4612 0 3 38.2172
1016 -80.109 0 4 18.3668
239 -78.4612 0 3 38.0974
1016 -80.109 0 4 18.2951
239 -78.4612 0 3 38.2705
1016 -80.109 0 4 18.2902
239 -78.4612 0 3 38.1871
1016 -80.109 0 4 18.2286
239 -78.4612 0 3 38.2091
1016 -80.109 0 4 18.2793
239 -78.4612 0 3 38.1016
1016 -80.109 0 4 18.2258
239 -78.4612 0 3 38.1868
1016 -80.109 0 4 18.1872
239 -78.4612 0 3 38.1474
1016 -80.109 0 4 18.1546
239 -78.4612 0 3 38.1728
1016 -80.109 0 4 18.1126
239 -78.4612 0 3 38.0578
1016 -80.109 0 4 18.0621
239 -78.4612 0 3 38.2762
1016 -80.109 0 4 18.3231
239 -78.4612 0 3 38.1217
1016 -80.109 0 4 18.2796
239 -78.4612 0 3 38.1122
1016 -80.109 0 4 18.3877
239 -78.4612 0 3 38.0299
1016 -80.109 0 4 18.3522
239 -78.4612 0 3 37.9826
1016 -80.109 0 4 18.331
239 -78.4612 0 3 37.8611
1016 -80.109 0 4 18.2688
239 -78.4612 0 3 37.856
1016 -80.109 0 4 18.3201
239 -78.4612 0 3 37.7947
1016 -80.109 0 4 18.2556
239 -78.4612 0 3 37.9036
1016 -80.109 0 4 18.4491
239 -78.4612 0 3 37.8094
1016 -80.109 0 4 18.3926
239 -78.4612 0 3 37.7976
1016 -80.109 0 4 18.664
239 -78.4612 0 3 37.7106
1016 -80.109 0 4 18.6058
239 -78.4612 0 3 37.6506
1016 -80.109 0 4 18.8878
239 -78.4612 0 3 37.5607
1016 -80.109 0 4 18.8621
239 -78.4612 0 3 37.6651
1016 -80.109 0 4 18.9431
239 -78.4612 0 3 37.5582
1016 -80.109 0 4 18.8964
239 -78.4612 0 3 37.5974
1016 -80.109 0 4 18.9081
239 -78.4612 0 3 37.4826
1016 -80.109 0 4 18.8607
239 -78.4612 0 3 37.9822
1016 -80.109 0 4 18.9216
239 -78.4612 0 3 37.8739
1016 -80.109 0 4 18.8919
239 -78.4612 0 3 38.0314
1016 -80.109 0 4 18.8563
239 -78.4612 0 3 37.9117
1016 -80.109 0 4 18.8065
239 -78.4612 0 3 38.0653
1016 -80.109 0 4 18.8329
239 -78.4612 0 3 37.9958
1016 -80.109 0 4 18.7702
239 -78.4612 0 3 38.0454
1016 -80.109 0 4 18.8796
239 -78.4612 0 3 37.8849
1016 -80.109 0 4 18.8183
239 -78.4612 0 3 37.88
1016 -80.109 0 4 18.8448
239 -78.4612 0 3 37.8204
1016 -80.109 0 4 18.8214
239 -78.4612 0 3 38.02
1016 -80.109 0 4 18.7981
239 -78.4612 0 3 37.9514
1016 -80.109 0 4 18.756
239 -78.4612 0 3 38.0068
1016 -80.109 0 4 18.7662
239 -78.4612 0 3 37.9482
1016 -80.109 0 4 18.7179
239 -78.4612 0 3 38.1855
1016 -80.109 0 4 18.7295
239 -78.4612 0 3 38.1004
1016 -80.109 0 4 18.6931
239 -78.4612 0 3 38.2294
1016 -80.109 0 4 18.6823
239 -78.4612 0 3 38.174
1016 -80.109 0 4 18.6248
239 -78.4612 0 3 38.2166
1016 -80.109 0 4 18.6289
239 -78.4612 0 3 38.0665
1016 -80.109 0 4 18.5865
239 -78.4612 0 3 38.0272
1016 -80.109 0 4 18.6991
239 -78.4612 0 3 37.9158
1016 -80.109 0 4 18.6506
239 -78.4612 0 3 37.9115
1016 -80.109 0 4 18.7709
239 -78.4612 0 3 37.7817
1016 -80.109 0 4 18.7335
239 -78.4612 0 3 38.2039
1016 -80.109 0 4 18.7336
239 -78.4612 0 3 38.0713
1016 -80.109 0 4 18.6678
239 -78.4612 0 3 38.1462
1016 -80.109 0 4 18.6618
239 -78.4612 0 3 38.0242
1016 -80.109 0 4 18.6164
239 -78.4612 0 3 38.1816
1016 -80.109 0 4 19.0338
239 -78.4612 0 3 38.0556
1016 -80.109 0 4 18.9855
239 -78.4612 0 3 38.1497
1016 -80.109 0 4 18.9914
239 -78.4612 0 3 38.0513
1016 -80.109 0 4 18.9208
239 -78.4612 0 3 37.9728
1016 -80.109 0 4 18.8847
239 -78.4612 0 3 37.9047
1016 -80.109 0 4 18.8631
239 -78.4612 0 3 37.8551
1016 -80.109 0 4 18.9807
239 -78.4612 0 3 37.7559
1016 -80.109 0 4 18.9496
239 -78.4612 0 3 38.0402
1016 -80.109 0 4 18.9263
239 -78.4612 0 3 37.9807
1016 -80.109 0 4 18.8911
239 -78.4612 0 3 38.1224
1016 -80.109 0 4 18.8666
239 -78.4612 0 3 38.0267
1016 -80.109 0 4 18.8309
239 -78.4612 0 3 38.1397
1016 -80.109 0 4 18.9076
239 -78.4612 0 3 38.019
1016 -80.109 0 4 18.8514
239 -78.4612 0 3 38.3269
1016 -80.109 0 4 18.9765
239 -78.4612 0 3 38.1874
1016 -80.109 0 4 18.9141
239 -78.4612 0 3 38.1303
1016 -80.109 0 4 18.8984
239 -78.4612 0 3 38.0332
1016 -80.109 0 4 18.8458
239 -78.4612 0 3 38.1058
1016 -80.109 0 4 19.1055
239 -78.4612 0 3 38.0386
1016 -80.109 0 4 19.0821
239 -78.4612 0 3 38.011
1016 -80.109 0 4 19.3317
239 -78.4612 0 3 37.9216
1016 -80.109 0 4 19.3071
239 -78.4612 0 3 37.9998
1016 -80.109 0 4 19.3037
239 -78.4612 0 3 37.8837
1016 -80.109 0 4 19.2742
239 -78.4612 0 3 37.912
1016 -80.109 0 4 19.3542
239 -78.4612 0 3 37.7974
1016 -80.109 0 4 19.3253
239 -78.4612 0 3 37.8077
1016 -80.109 0 4 19.3724
239 -78.4612 0 3 37.7143
1016 -80.109 0 4 19.3085
239 -78.4612 0 3 37.6539
1016 -80.109 0 4 19.2909
239 -78.4612 0 3 37.5779
1016 -80.109 0 4 19.254
239 -78.4612 0 3 37.8313
1016 -80.109 0 4 19.2458
239 -78.4612 0 3 37.7333
1016 -80.109 0 4 19.1955
239 -78.4612 0 3 37.9843
1016 -80.109 0 4 19.207
239 -78.4612 0 3 37.9068
1016 -80.109 0 4 19.1424
239 -78.4612 0 3 37.9827
1016 -80.109 0 4 19.118
239 -78.4612 0 3 37.8879
1016 -80.109 0 4 19.0931
239 -78.4612 0 3 38.1706
1016 -80.109 0 4 19.1024
239 -78.4612 0 3 38.0689
1016 -80.109 0 4 19.0429
239 -78.4612 0 3 38.1368
1016 -80.109 0 4 19.0847
239 -78.4612 0 3 38.0465
1016 -80.109 0 4 19.0258
239 -78.4612 0 3 38.0105
1016 -80.109 0 4 19.0741
239 -78.4612 0 3 37.9102
1016 -80.109 0 4 19.0205
239 -78.4612 0 3 37.9154
1016 -80.109 0 4 19.0671
239 -78.4612 0 3 37.8334
1016 -80.109 0 4 19.0475
239 -78.4612 0 3 38.0441
1016 -80.109 0 4 19.0378
239 -78.4612 0 3 37.9963
1016 -80.109 0 4 19.0039
239 -78.4612 0 3 38.029
1016 -80.109 0 4 18.9959
239 -78.4612 0 3 37.9159
1016 -80.109 0 4 18.9463
239 -78.4612 0 3 37.9817
1016 -80.109 0 4 19.008
239 -78.4612 0 3 37.8672
1016 -80.109 0 4 18.9794
239 -78.4612 0 3 38.1702
1016 -80.109 0 4 18.9213
239 -78.4612 0 3 38.1159
1016 -80.109 0 4 18.8926
239 -78.4612 0 3 38.3561
1016 -80.109 0 4 19.025
239 -78.4612 0 3 38.2557
1016 -80.109 0 4 18.9661
239 -78.4612 0 3 38.4839
1016 -80.109 0 4 19.0406
239 -78.4612 0 3 38.4329
1016 -80.109 0 4 19.013
239 -78.4612 0 3 38.4208
1016 -80.109 0 4 19.1095
239 -78.4612 0 3 38.3742
1016 -80.109 0 4 19.0692
239 -78.4612 0 3 38.2864
1016 -80.109 0 4 19.0578
239 -78.4612 0 3 38.2004
1016 -80.109 0 4 19.0253
239 -78.4612 0 3 38.264
1016 -80.109 0 4 19.0283
239 -78.4612 0 3 38.1947
1016 -80.109 0 4 18.9949
239 -78.4612 0 3 38.1813
1016 -80.109 0 4 18.9673
239 -78.4612 0 3 38.1267
1016 -80.109 0 4 18.9448
239 -78.4612 0 3 38.1166
1016 -80.109 0 4 18.915
239 -78.4612 0 3 38.0163
1016 -80.109 0 4 18.8692
239 -78.4612 0 3 38.1262
1016 -80.109 0 4 18.8738
239 -78.4612 0 3 38.0161
1016 -80.109 0 4 18.8519
239 -78.4612 0 3 37.9469
1016 -80.109 0 4 18.829
239 -78.4612 0 3 37.8549
1016 -80.109 0 4 18.8035
239 -78.4612 0 3 37.8394
1016 -80.109 0 4 18.7814
239 -78.4612 0 3 37.7597
1016 -80.109 0 4 18.7424
239 -78.4612 0 3 37.9053
1016 -80.109 0 4 18.7901
239 -78.4612 0 3 37.8432
1016 -80.109 0 4 18.7507
239 -78.4612 0 3 37.9503
1016 -80.109 0 4 18.8862
239 -78.4612 0 3 37.8496
1016 -80.109 0 4 18.8523
