ID  RSSI  Neighbors  Sources  Throughput
239 0 1 -1 0
855 0 2 -1 0
1016 -72.7895 1 0 0
239 -78.1353 1 1 0
855 -80.3046 2 2 0
1016 -80.109 1 4 0
239 -78.1353 1 1 28.9608
855 -80.3046 2 2 0.906658
1016 -80.109 1 4 8.60446
239 -78.1353 1 1 23.9215
855 -80.3046 2 2 0.664038
1016 -80.109 1 4 5.81431
239 -78.4612 0 3 39.203
1016 -80.109 0 4 45.5595
239 -78.4612 0 3 33.5963
1016 -80.109 0 4 38.4483
239 -78.4612 0 3 50.603
1016 -80.109 0 4 41.4662
239 -78.4612 0 3 46.194
1016 -80.109 0 4 37.469
239 -78.4612 0 3 51.4209
1016 -80.109 0 4 33.1625
239 -78.4612 0 3 45.4345
1016 -80.109 0 4 28.9393
239 -78.4612 0 3 43.9774
1016 -80.109 0 4 34.3953
239 -78.4612 0 3 40.8411
1016 -80.109 0 4 31.7217
239 -78.4612 0 3 38.669
1016 -80.109 0 4 35.6733
239 -78.4612 0 3 35.7935
1016 -80.109 0 4 33.0024
239 -78.4612 0 3 34.1193
1016 -80.109 0 4 31.0711
239 -78.4612 0 3 32.2177
1016 -80.109 0 4 29.9884
239 -78.4612 0 3 30.8628
1016 -80.109 0 4 30.5365
239 -78.4612 0 3 29.2467
1016 -80.109 0 4 29.3716
239 -78.4612 0 3 30.6849
1016 -80.109 0 4 28.2706
239 -78.4612 0 3 29.4361
1016 -80.109 0 4 26.444
239 -78.4612 0 3 27.7761
1016 -80.109 0 4 27.2445
239 -78.4612 0 3 26.5477
1016 -80.109 0 4 26.2241
239 -78.4612 0 3 27.5758
1016 -80.109 0 4 26.0674
239 -78.4612 0 3 26.3202
1016 -80.109 0 4 24.8897
239 -78.4612 0 3 25.6298
1016 -80.109 0 4 31.8753
239 -78.4612 0 3 25.3291
1016 -80.109 0 4 30.9081
239 -78.4612 0 3 26.4153
1016 -80.109 0 4 35.8333
239 -78.4612 0 3 25.4487
1016 -80.109 0 4 34.3457
239 -78.4612 0 3 24.8037
1016 -80.109 0 4 33.7643
239 -78.4612 0 3 24.1899
1016 -80.109 0 4 32.6001
239 -78.4612 0 3 26.9127
1016 -80.109 0 4 37.3082
239 -78.4612 0 3 25.8898
1016 -80.109 0 4 36.1697
239 -78.4612 0 3 26.5587
1016 -80.109 0 4 36.3419
239 -78.4612 0 3 25.6235
1016 -80.109 0 4 35.6938
239 -78.4612 0 3 25.12
1016 -80.109 0 4 35.6876
239 -78.4612 0 3 24.359
1016 -80.109 0 4 35.3288
239 -78.4612 0 3 25.1706
1016 -80.109 0 4 34.1987
239 -78.4612 0 3 24.5016
1016 -80.109 0 4 32.9789
239 -78.4612 0 3 24.3591
1016 -80.109 0 4 34.188
239 -78.4612 0 3 23.9953
1016 -80.109 0 4 33.028
239 -78.4612 0 3 24.3571
1016 -80.109 0 4 34.8141
239 -78.4612 0 3 23.7075
1016 -80.109 0 4 33.6293
239 -78.4612 0 3 26.9042
1016 -80.109 0 4 35.6983
239 -78.4612 0 3 26.5359
1016 -80.109 0 4 35.0732
239 -78.4612 0 3 27.6025
1016 -80.109 0 4 35.0658
239 -78.4612 0 3 27.1881
1016 -80.109 0 4 34.4582
239 -78.4612 0 3 29.5851
1016 -80.109 0 4 35.4434
239 -78.4612 0 3 28.9225
1016 -80.109 0 4 34.8842
239 -78.4612 0 3 29.7364
1016 -80.109 0 4 35.7234
239 -78.4612 0 3 29.2798
1016 -80.109 0 4 34.8932
239 -78.4612 0 3 31.2589
1016 -80.109 0 4 38.3835
239 -78.4612 0 3 30.7497
1016 -80.109 0 4 38.1328
239 -78.4612 0 3 30.3118
1016 -80.109 0 4 41.8845
239 -78.4612 0 3 29.9257
1016 -80.109 0 4 41.1886
239 -78.4612 0 3 29.4778
1016 -80.109 0 4 44.1789
239 -78.4612 0 3 28.7103
1016 -80.109 0 4 43.6849
239 -78.4612 0 3 28.5839
1016 -80.109 0 4 43.3339
239 -78.4612 0 3 28.0427
1016 -80.109 0 4 42.9086
239 -78.4612 0 3 32.3539
1016 -80.109 0 4 42.2076
239 -78.4612 0 3 31.8503
1016 -80.109 0 4 41.3743
239 -78.4612 0 3 32.1422
1016 -80.109 0 4 41.9111
239 -78.4612 0 3 31.8254
1016 -80.109 0 4 41.0361
239 -78.4612 0 3 32.9803
1016 -80.109 0 4 41.2188
239 -78.4612 0 3 32.4702
1016 -80.109 0 4 40.718
239 -78.4612 0 3 32.6605
1016 -80.109 0 4 40.0252
239 -78.4612 0 3 32.2471
1016 -80.109 0 4 39.4541
239 -78.4612 0 3 33.9897
1016 -80.109 0 4 43.1551
239 -78.4612 0 3 33.5664
1016 -80.109 0 4 43.1982
239 -78.4612 0 3 33.1271
1016 -80.109 0 4 43.9805
239 -78.4612 0 3 32.7777
1016 -80.109 0 4 43.2389
239 -78.4612 0 3 35.0568
1016 -80.109 0 4 44.07
239 -78.4612 0 3 34.8114
1016 -80.109 0 4 43.4073
239 -78.4612 0 3 34.3804
1016 -80.109 0 4 44.6039
239 -78.4612 0 3 33.959
1016 -80.109 0 4 44.1268
239 -78.4612 0 3 34.4879
1016 -80.109 0 4 43.496
239 -78.4612 0 3 34.1972
1016 -80.109 0 4 42.9126
239 -78.4612 0 3 34.5715
1016 -80.109 0 4 44.8095
239 -78.4612 0 3 34.1111
1016 -80.109 0 4 44.7731
239 -78.4612 0 3 34.0608
1016 -80.109 0 4 48.0502
239 -78.4612 0 3 33.4207
1016 -80.109 0 4 47.3635
239 -78.4612 0 3 35.8573
1016 -80.109 0 4 47.137
239 -78.4612 0 3 35.4184
1016 -80.109 0 4 46.4773
239 -78.4612 0 3 34.9472
1016 -80.109 0 4 46.0972
239 -78.4612 0 3 34.5069
1016 -80.109 0 4 45.568
239 -78.4612 0 3 34.9217
1016 -80.109 0 4 45.2548
239 -78.4612 0 3 34.4222
1016 -80.109 0 4 44.6063
239 -78.4612 0 3 34.509
1016 -80.109 0 4 44.4367
239 -78.4612 0 3 34.1192
1016 -80.109 0 4 43.9069
239 -78.4612 0 3 33.7656
1016 -80.109 0 4 43.8104
239 -78.4612 0 3 33.4068
1016 -80.109 0 4 43.1784
239 -78.4612 0 3 33.4286
1016 -80.109 0 4 43.0674
239 -78.4612 0 3 33.0181
1016 -80.109 0 4 42.3012
239 -78.4612 0 3 32.7177
1016 -80.109 0 4 42.7343
239 -78.4612 0 3 32.5046
1016 -80.109 0 4 42.4764
239 -78.4612 0 3 32.3752
1016 -80.109 0 4 42.3798
239 -78.4612 0 3 32.0463
1016 -80.109 0 4 41.873
239 -78.4612 0 3 32.6179
1016 -80.109 0 4 41.5864
239 -78.4612 0 3 32.2299
1016 -80.109 0 4 41.2714
239 -78.4612 0 3 36.3685
1016 -80.109 0 4 41.6799
239 -78.4612 0 3 36.5199
1016 -80.109 0 4 41.1537
239 -78.4612 0 3 36.2733
1016 -80.109 0 4 40.9757
239 -78.4612 0 3 35.9055
1016 -80.109 0 4 40.667
239 -78.4612 0 3 37.0218
1016 -80.109 0 4 40.8342
239 -78.4612 0 3 36.6736
1016 -80.109 0 4 40.2655
239 -78.4612 0 3 36.4415
1016 -80.109 0 4 40.4827
239 -78.4612 0 3 36.1947
1016 -80.109 0 4 40.0658
239 -78.4612 0 3 35.9864
1016 -80.109 0 4 40.3761
239 -78.4612 0 3 35.7527
1016 -80.109 0 4 39.8084
239 -78.4612 0 3 35.6627
1016 -80.109 0 4 39.9599
239 -78.4612 0 3 35.3304
1016 -80.109 0 4 39.5514
239 -78.4612 0 3 35.2577
1016 -80.109 0 4 42.342
239 -78.4612 0 3 35.9565
1016 -80.109 0 4 42.0114
239 -78.4612 0 3 35.7507
1016 -80.109 0 4 42.1257
239 -78.4612 0 3 35.3318
1016 -80.109 0 4 41.582
239 -78.4612 0 3 35.1408
1016 -80.109 0 4 41.4221
239 -78.4612 0 3 34.915
1016 -80.109 0 4 41.1456
239 -78.4612 0 3 35.6158
1016 -80.109 0 4 41.4127
239 -78.4612 0 3 35.1426
1016 -80.109 0 4 41.1639
239 -78.4612 0 3 34.9886
1016 -80.109 0 4 41.2365
239 -78.4612 0 3 34.6857
1016 -80.109 0 4 40.9274
239 -78.4612 0 3 34.6093
1016 -80.109 0 4 40.6824
239 -78.4612 0 3 34.3212
1016 -80.109 0 4 40.3928
239 -78.4612 0 3 35.4792
1016 -80.109 0 4 40.3058
239 -78.4612 0 3 35.3122
1016 -80.109 0 4 39.9178
239 -78.4612 0 3 37.3978
1016 -80.109 0 4 39.7688
239 -78.4612 0 3 37.1106
1016 -80.109 0 4 39.5184
239 -78.4612 0 3 38.0127
1016 -80.109 0 4 39.4044
239 -78.4612 0 3 37.7801
1016 -80.109 0 4 39.2071
239 -78.4612 0 3 38.3062
1016 -80.109 0 4 39.4404
239 -78.4612 0 3 37.9964
1016 -80.109 0 4 39.0384
239 -78.4612 0 3 37.8466
1016 -80.109 0 4 38.6722
239 -78.4612 0 3 37.5882
1016 -80.109 0 4 38.4124
239 -78.4612 0 3 37.4109
1016 -80.109 0 4 38.5064
239 -78.4612 0 3 37.0759
1016 -80.109 0 4 38.2909
239 -78.4612 0 3 37.0232
1016 -80.109 0 4 38.2905
239 -78.4612 0 3 36.7784
1016 -80.109 0 4 37.9283
239 -78.4612 0 3 37.212
1016 -80.109 0 4 39.0324
239 -78.4612 0 3 36.856
1016 -80.109 0 4 38.6461
239 -78.4612 0 3 36.6509
1016 -80.109 0 4 38.8383
239 -78.4612 0 3 36.3919
1016 -80.109 0 4 38.6858
239 -78.4612 0 3 36.187
1016 -80.109 0 4 38.4741
239 -78.4612 0 3 35.9121
1016 -80.109 0 4 38.1485
239 -78.4612 0 3 36.3528
1016 -80.109 0 4 38.5043
239 -78.4612 0 3 36.1427
1016 -80.109 0 4 38.3264
239 -78.4612 0 3 35.9331
1016 -80.109 0 4 38.1329
239 -78.4612 0 3 35.7469
1016 -80.109 0 4 37.9268
239 -78.4612 0 3 37.0134
1016 -80.109 0 4 37.7532
239 -78.4612 0 3 36.7891
1016 -80.109 0 4 37.5643
239 -78.4612 0 3 36.6872
1016 -80.109 0 4 37.7373
239 -78.4612 0 3 36.5322
1016 -80.109 0 4 37.4377
239 -78.4612 0 3 37.5056
1016 -80.109 0 4 37.5278
239 -78.4612 0 3 37.3214
1016 -80.109 0 4 37.294
239 -78.4612 0 3 37.4479
1016 -80.109 0 4 37.0751
239 -78.4612 0 3 37.2023
1016 -80.109 0 4 36.8434
239 -78.4612 0 3 37.0657
1016 -80.109 0 4 36.7418
239 -78.4612 0 3 36.8888
1016 -80.109 0 4 36.4697
239 -78.4612 0 3 38.276
1016 -80.109 0 4 36.7271
239 -78.4612 0 3 38.1235
1016 -80.109 0 4 36.5797
239 -78.4612 0 3 38.8384
1016 -80.109 0 4 36.5047
239 -78.4612 0 3 38.5635
1016 -80.109 0 4 36.3584
239 -78.4612 0 3 39.0268
1016 -80.109 0 4 36.5984
239 -78.4612 0 3 38.8326
1016 -80.109 0 4 36.3807
239 -78.4612 0 3 39.0951
1016 -80.109 0 4 36.5903
239 -78.4612 0 3 38.8375
1016 -80.109 0 4 36.4276
239 -78.4612 0 3 38.5865
1016 -80.109 0 4 36.5941
239 -78.4612 0 3 38.4518
1016 -80.109 0 4 36.4373
239 -78.4612 0 3 38.3119
1016 -80.109 0 4 36.9662
239 -78.4612 0 3 38.129
1016 -80.109 0 4 36.7726
239 -78.4612 0 3 38.4086
1016 -80.109 0 4 37.0895
239 -78.4612 0 3 38.257
1016 -80.109 0 4 36.7602
239 -78.4612 0 3 38.1931
1016 -80.109 0 4 38.1927
239 -78.4612 0 3 38.052
1016 -80.109 0 4 37.8927
239 -78.4612 0 3 38.5808
1016 -80.109 0 4 38.688
239 -78.4612 0 3 38.2806
1016 -80.109 0 4 38.5181
239 -78.4612 0 3 38.2742
1016 -80.109 0 4 38.7275
239 -78.4612 0 3 38.1158
1016 -80.109 0 4 38.508
239 -78.4612 0 3 38.0464
1016 -80.109 0 4 38.6598
239 -78.4612 0 3 37.855
1016 -80.109 0 4 38.5275
239 -78.4612 0 3 37.7458
1016 -80.109 0 4 38.3997
239 -78.4612 0 3 37.5376
1016 -80.109 0 4 38.2009
239 -78.4612 0 3 37.749
1016 -80.109 0 4 38.9357
239 -78.4612 0 3 37.4648
1016 -80.109 0 4 38.7013
239 -78.4612 0 3 37.3362
1016 -80.109 0 4 38.5201
239 -78.4612 0 3 37.0935
1016 -80.109 0 4 38.2875
239 -78.4612 0 3 38.0064
1016 -80.109 0 4 38.7401
239 -78.4612 0 3 37.814
1016 -80.109 0 4 38.5948
239 -78.4612 0 3 38.0411
1016 -80.109 0 4 38.5506
239 -78.4612 0 3 37.84
1016 -80.109 0 4 38.2973
239 -78.4612 0 3 37.7395
1016 -80.109 0 4 38.5185
239 -78.4612 0 3 37.5945
1016 -80.109 0 4 38.3546
239 -78.4612 0 3 37.4217
1016 -80.109 0 4 38.0863
239 -78.4612 0 3 37.2258
1016 -80.109 0 4 38.0139
239 -78.4612 0 3 37.1177
1016 -80.109 0 4 38.2591
239 -78.4612 0 3 36.946
1016 -80.109 0 4 38.0375
239 -78.4612 0 3 37.0235
1016 -80.109 0 4 37.9737
239 -78.4612 0 3 36.9039
1016 -80.109 0 4 37.8492
239 -78.4612 0 3 36.9936
1016 -80.109 0 4 37.7444
239 -78.4612 0 3 36.8012
1016 -80.109 0 4 37.588
239 -78.4612 0 3 37.2746
1016 -80.109 0 4 37.9076
239 -78.4612 0 3 37.0849
1016 -80.109 0 4 37.669
239 -78.4612 0 3 36.9368
1016 -80.109 0 4 37.6683
239 -78.4612 0 3 36.7039
1016 -80.109 0 4 37.5716
239 -78.4612 0 3 36.8419
1016 -80.109 0 4 38.3142
239 -78.4612 0 3 36.6389
1016 -80.109 0 4 38.1117
239 -78.4612 0 3 36.6893
1016 -80.109 0 4 38.295
239 -78.4612 0 3 36.4969
1016 -80.109 0 4 38.0419
239 -78.4612 0 3 36.3088
1016 -80.109 0 4 37.9611
239 -78.4612 0 3 36.1842
1016 -80.109 0 4 37.833
239 -78.4612 0 3 36.7505
1016 -80.109 0 4 37.7234
239 -78.4612 0 3 36.4934
1016 -80.109 0 4 37.577
239 -78.4612 0 3 36.6396
1016 -80.109 0 4 37.4963
239 -78.4612 0 3 36.3946
1016 -80.109 0 4 37.251
239 -78.4612 0 3 37.1169
1016 -80.109 0 4 37.223
239 -78.4612 0 3 36.9216
1016 -80.109 0 4 37.0068
239 -78.4612 0 3 37.0304
1016 -80.109 0 4 36.9527
239 -78.4612 0 3 36.8164
1016 -80.109 0 4 36.7103
239 -78.4612 0 3 36.7788
1016 -80.109 0 4 36.6103
239 -78.4612 0 3 36.6114
1016 -80.109 0 4 36.4059
239 -78.4612 0 3 36.8862
1016 -80.109 0 4 36.7736
239 -78.4612 0 3 36.6745
1016 -80.109 0 4 36.6838
239 -78.4612 0 3 37.4676
1016 -80.109 0 4 36.4471
239 -78.4612 0 3 37.2767
1016 -80.109 0 4 36.3695
239 -78.4612 0 3 37.714
1016 -80.109 0 4 36.2267
239 -78.4612 0 3 37.6406
1016 -80.109 0 4 36.1091
239 -78.4612 0 3 37.5592
1016 -80.109 0 4 36.0235
239 -78.4612 0 3 37.3815
1016 -80.109 0 4 35.903
239 -78.4612 0 3 38.048
1016 -80.109 0 4 35.7408
239 -78.4612 0 3 37.8532
1016 -80.109 0 4 35.6264
239 -78.4612 0 3 38.049
1016 -80.109 0 4 35.91
239 -78.4612 0 3 37.8553
1016 -80.109 0 4 35.766
239 -78.4612 0 3 37.8031
1016 -80.109 0 4 36.1978
239 -78.4612 0 3 37.6765
1016 -80.109 0 4 36.0419
239 -78.4612 0 3 37.6915
1016 -80.109 0 4 36.2005
239 -78.4612 0 3 37.5035
1016 -80.109 0 4 36.0344
239 -78.4612 0 3 38.6131
1016 -80.109 0 4 35.986
239 -78.4612 0 3 38.4374
1016 -80.109 0 4 35.8062
239 -78.4612 0 3 38.3223
1016 -80.109 0 4 35.7399
239 -78.4612 0 3 38.0971
1016 -80.109 0 4 35.5891
239 -78.4612 0 3 38.1317
1016 -80.109 0 4 35.3886
239 -78.4612 0 3 37.9931
1016 -80.109 0 4 35.2618
239 -78.4612 0 3 37.8523
1016 -80.109 0 4 36.2224
239 -78.4612 0 3 37.7657
1016 -80.109 0 4 36.0834
239 -78.4612 0 3 37.6341
1016 -80.109 0 4 35.9848
239 -78.4612 0 3 37.4897
1016 -80.109 0 4 35.8589
239 -78.4612 0 3 37.693
1016 -80.109 0 4 35.8544
239 -78.4612 0 3 37.4706
1016 -80.109 0 4 35.7623
239 -78.4612 0 3 37.3113
1016 -80.109 0 4 36.2747
239 -78.4612 0 3 37.1586
1016 -80.109 0 4 36.15
239 -78.4612 0 3 37.439
1016 -80.109 0 4 35.9826
239 -78.4612 0 3 37.2904
1016 -80.109 0 4 35.8278
239 -78.4612 0 3 37.54
1016 -80.109 0 4 35.6745
239 -78.4612 0 3 37.4463
1016 -80.109 0 4 35.5719
239 -78.4612 0 3 37.8575
1016 -80.109 0 4 35.4988
239 -78.4612 0 3 37.7475
1016 -80.109 0 4 35.3313
239 -78.4612 0 3 37.7557
1016 -80.109 0 4 35.2308
239 -78.4612 0 3 37.6341
1016 -80.109 0 4 35.1227
239 -78.4612 0 3 37.512
1016 -80.109 0 4 35.0125
239 -78.4612 0 3 37.4161
1016 -80.109 0 4 34.8372
239 -78.4612 0 3 37.4974
1016 -80.109 0 4 34.9882
239 -78.4612 0 3 37.2947
1016 -80.109 0 4 34.878
239 -78.4612 0 3 37.157
1016 -80.109 0 4 35.0456
239 -78.4612 0 3 37.0206
1016 -80.109 0 4 34.8847
239 -78.4612 0 3 36.9383
1016 -80.109 0 4 35.4313
239 -78.4612 0 3 36.7514
1016 -80.109 0 4 35.2881
239 -78.4612 0 3 36.8561
1016 -80.109 0 4 35.475
239 -78.4612 0 3 36.6535
1016 -80.109 0 4 35.3496
239 -78.4612 0 3 37.3971
1016 -80.109 0 4 35.7876
239 -78.4612 0 3 37.2673
1016 -80.109 0 4 35.6532
239 -78.4612 0 3 37.2338
1016 -80.109 0 4 35.8135
239 -78.4612 0 3 37.1128
1016 -80.109 0 4 35.6384
239 -78.4612 0 3 37.5691
1016 -80.109 0 4 35.6381
239 -78.4612 0 3 37.4127
1016 -80.109 0 4 35.4703
239 -78.4612 0 3 37.5456
1016 -80.109 0 4 35.5841
239 -78.4612 0 3 37.3958
1016 -80.109 0 4 35.3808
239 -78.4612 0 3 37.3376
1016 -80.109 0 4 35.2892
239 -78.4612 0 3 37.1739
1016 -80.109 0 4 35.1266
239 -78.4612 0 3 37.1562
1016 -80.109 0 4 35.4524
239 -78.4612 0 3 37.074
1016 -80.109 0 4 35.3181
239 -78.4612 0 3 37.2374
1016 -80.109 0 4 35.4738
239 -78.4612 0 3 37.1053
1016 -80.109 0 4 35.3634
239 -78.4612 0 3 37.0968
1016 -80.109 0 4 35.1892
239 -78.4612 0 3 36.9362
1016 -80.109 0 4 35.0764
239 -78.4612 0 3 36.9523
1016 -80.109 0 4 34.9785
239 -78.4612 0 3 36.8604
1016 -80.109 0 4 34.8433
239 -78.4612 0 3 36.8412
1016 -80.109 0 4 34.8127
239 -78.4612 0 3 36.699
1016 -80.109 0 4 34.6903
239 -78.4612 0 3 36.7511
1016 -80.109 0 4 35.8273
239 -78.4612 0 3 36.7121
1016 -80.109 0 4 35.7198
239 -78.4612 0 3 37.3823
1016 -80.109 0 4 35.8349
239 -78.4612 0 3 37.283
1016 -80.109 0 4 35.7163
239 -78.4612 0 3 37.5595
1016 -80.109 0 4 35.7053
239 -78.4612 0 3 37.3675
1016 -80.109 0 4 35.5365
239 -78.4612 0 3 37.426
1016 -80.109 0 4 35.4328
239 -78.4612 0 3 37.2947
1016 -80.109 0 4 35.2904
239 -78.4612 0 3 37.8374
1016 -80.109 0 4 36.005
239 -78.4612 0 3 37.8354
1016 -80.109 0 4 35.8215
239 -78.4612 0 3 37.8428
1016 -80.109 0 4 35.7494
239 -78.4612 0 3 37.7107
1016 -80.109 0 4 35.6303
239 -78.4612 0 3 37.8308
1016 -80.109 0 4 36.0132
239 -78.4612 0 3 37.7406
1016 -80.109 0 4 35.9365
239 -78.4612 0 3 37.8235
1016 -80.109 0 4 35.8731
239 -78.4612 0 3 37.7456
1016 -80.109 0 4 35.7186
239 -78.4612 0 3 37.8961
1016 -80.109 0 4 35.7496
239 -78.4612 0 3 37.7308
1016 -80.109 0 4 35.6265
239 -78.4612 0 3 37.6364
1016 -80.109 0 4 35.5138
239 -78.4612 0 3 37.5394
1016 -80.109 0 4 35.3994
239 -78.4612 0 3 37.4953
1016 -80.109 0 4 36.2731
239 -78.4612 0 3 37.4162
1016 -80.109 0 4 36.132
239 -78.4612 0 3 37.325
1016 -80.109 0 4 36.1044
239 -78.4612 0 3 37.1883
1016 -80.109 0 4 36.0083
239 -78.4612 0 3 37.5817
1016 -80.109 0 4 35.8984
239 -78.4612 0 3 37.4923
1016 -80.109 0 4 35.8252
239 -78.4612 0 3 37.5892
1016 -80.109 0 4 35.6958
239 -78.4612 0 3 37.4281
1016 -80.109 0 4 35.6145
239 -78.4612 0 3 37.809
1016 -80.109 0 4 35.7847
239 -78.4612 0 3 37.7364
1016 -80.109 0 4 35.6513
239 -78.4612 0 3 37.8301
1016 -80.109 0 4 35.7803
239 -78.4612 0 3 37.7462
1016 -80.109 0 4 35.6501
239 -78.4612 0 3 37.7573
1016 -80.109 0 4 36.1373
239 -78.4612 0 3 37.6241
1016 -80.109 0 4 36.0366
239 -78.4612 0 3 37.6106
1016 -80.109 0 4 35.9352
239 -78.4612 0 3 37.4682
1016 -80.109 0 4 35.8541
239 -78.4612 0 3 37.7662
1016 -80.109 0 4 35.8465
239 -78.4612 0 3 37.5959
1016 -80.109 0 4 35.748
239 -78.4612 0 3 37.6217
1016 -80.109 0 4 35.668
239 -78.4612 0 3 37.502
1016 -80.109 0 4 35.6005
239 -78.4612 0 3 37.6041
1016 -80.109 0 4 35.4554
239 -78.4612 0 3 37.4565
1016 -80.109 0 4 35.3783
239 -78.4612 0 3 37.3539
1016 -80.109 0 4 35.5769
239 -78.4612 0 3 37.2938
1016 -80.109 0 4 35.4295
239 -78.4612 0 3 37.3672
1016 -80.109 0 4 35.5405
239 -78.4612 0 3 37.2995
1016 -80.109 0 4 35.413
239 -78.4612 0 3 37.5221
1016 -80.109 0 4 35.5377
239 -78.4612 0 3 37.3682
1016 -80.109 0 4 35.4004
239 -78.4612 0 3 37.3592
1016 -80.109 0 4 35.6534
239 -78.4612 0 3 37.2237
1016 -80.109 0 4 35.5755
239 -78.4612 0 3 37.2828
1016 -80.109 0 4 35.4768
239 -78.4612 0 3 37.2
1016 -80.109 0 4 35.3828
239 -78.4612 0 3 37.3284
1016 -80.109 0 4 35.5513
239 -78.4612 0 3 37.2478
1016 -80.109 0 4 35.4344
239 -78.4612 0 3 37.3424
1016 -80.109 0 4 35.4761
239 -78.4612 0 3 37.2502
1016 -80.109 0 4 35.3194
239 -78.4612 0 3 37.6358
1016 -80.109 0 4 35.7924
239 -78.4612 0 3 37.5142
1016 -80.109 0 4 35.6428
239 -78.4612 0 3 37.8631
1016 -80.109 0 4 35.8046
239 -78.4612 0 3 37.8246
1016 -80.109 0 4 35.6645
239 -78.4612 0 3 37.8896
1016 -80.109 0 4 36.1612
239 -78.4612 0 3 37.7969
1016 -80.109 0 4 36.0832
239 -78.4612 0 3 38.0395
1016 -80.109 0 4 35.9431
239 -78.4612 0 3 37.9552
1016 -80.109 0 4 35.86
239 -78.4612 0 3 38.5782
1016 -80.109 0 4 35.7632
239 -78.4612 0 3 38.4661
1016 -80.109 0 4 35.6978
239 -78.4612 0 3 38.4889
1016 -80.109 0 4 35.636
239 -78.4612 0 3 38.3184
1016 -80.109 0 4 35.5164
239 -78.4612 0 3 38.2367
1016 -80.109 0 4 36.0905
239 -78.4612 0 3 38.1491
1016 -80.109 0 4 35.9954
239 -78.4612 0 3 38.0757
1016 -80.109 0 4 36.0458
239 -78.4612 0 3 37.9312
1016 -80.109 0 4 35.9673
239 -78.4612 0 3 38.1515
1016 -80.109 0 4 35.892
239 -78.4612 0 3 38.0304
1016 -80.109 0 4 35.7947
239 -78.4612 0 3 37.9896
1016 -80.109 0 4 36.3309
239 -78.4612 0 3 37.8509
1016 -80.109 0 4 36.2229
239 -78.4612 0 3 38.3525
1016 -80.109 0 4 36.2404
239 -78.4612 0 3 38.2053
1016 -80.109 0 4 36.1308
239 -78.4612 0 3 38.1465
1016 -80.109 0 4 36.7658
239 -78.4612 0 3 38.0728
1016 -80.109 0 4 36.6674
239 -78.4612 0 3 38.6843
1016 -80.109 0 4 36.8394
239 -78.4612 0 3 38.6264
1016 -80.109 0 4 36.7689
239 -78.4612 0 3 38.4857
1016 -80.109 0 4 36.8252
239 -78.4612 0 3 38.3561
1016 -80.109 0 4 36.7405
239 -78.4612 0 3 38.3419
1016 -80.109 0 4 36.6305
239 -78.4612 0 3 38.1687
1016 -80.109 0 4 36.5228
239 -78.4612 0 3 38.1481
1016 -80.109 0 4 36.8628
239 -78.4612 0 3 38.0786
1016 -80.109 0 4 36.8066
239 -78.4612 0 3 38.1222
1016 -80.109 0 4 36.6666
239 -78.4612 0 3 38.0128
1016 -80.109 0 4 36.5959
239 -78.4612 0 3 38.0383
1016 -80.109 0 4 36.5677
239 -78.4612 0 3 37.8994
1016 -80.109 0 4 36.4106
239 -78.4612 0 3 38.0992
1016 -80.109 0 4 36.3435
239 -78.4612 0 3 38.0299
1016 -80.109 0 4 36.2543
239 -78.4612 0 3 37.8923
1016 -80.109 0 4 36.3686
239 -78.4612 0 3 37.8312
1016 -80.109 0 4 36.2458
239 -78.4612 0 3 37.7179
1016 -80.109 0 4 36.9894
239 -78.4612 0 3 37.6125
1016 -80.109 0 4 36.9045
239 -78.4612 0 3 37.648
1016 -80.109 0 4 36.837
239 -78.4612 0 3 37.5166
1016 -80.109 0 4 36.7439
239 -78.4612 0 3 37.576
1016 -80.109 0 4 36.6828
239 -78.4612 0 3 37.4294
1016 -80.109 0 4 36.5726
239 -78.4612 0 3 37.5522
1016 -80.109 0 4 36.4832
239 -78.4612 0 3 37.4289
1016 -80.109 0 4 36.4066
239 -78.4612 0 3 37.4639
1016 -80.109 0 4 36.641
239 -78.4612 0 3 37.4059
1016 -80.109 0 4 36.5758
239 -78.4612 0 3 37.4031
1016 -80.109 0 4 36.8147
239 -78.4612 0 3 37.2937
1016 -80.109 0 4 36.7506
239 -78.4612 0 3 37.2555
1016 -80.109 0 4 36.6612
239 -78.4612 0 3 37.1345
1016 -80.109 0 4 36.5758
239 -78.4612 0 3 37.2307
1016 -80.109 0 4 37.4033
239 -78.4612 0 3 37.1726
1016 -80.109 0 4 37.3094
239 -78.4612 0 3 37.1522
1016 -80.109 0 4 37.259
239 -78.4612 0 3 37.0221
1016 -80.109 0 4 37.14
239 -78.4612 0 3 37.3208
1016 -80.109 0 4 37.0997
239 -78.4612 0 3 37.2563
1016 -80.109 0 4 36.9789
239 -78.4612 0 3 37.2048
1016 -80.109 0 4 37.8798
239 -78.4612 0 3 37.1395
1016 -80.109 0 4 37.805
239 -78.4612 0 3 37.1973
1016 -80.109 0 4 38.136
239 -78.4612 0 3 37.1204
1016 -80.109 0 4 38.0454
239 -78.4612 0 3 37.3166
1016 -80.109 0 4 38.2771
239 -78.4612 0 3 37.2842
1016 -80.109 0 4 38.1648
239 -78.4612 0 3 37.7738
1016 -80.109 0 4 38.1897
239 -78.4612 0 3 37.7025
1016 -80.109 0 4 38.1064
239 -78.4612 0 3 37.7462
1016 -80.109 0 4 38.0738
239 -78.4612 0 3 37.6465
1016 -80.109 0 4 37.985
239 -78.4612 0 3 37.6449
1016 -80.109 0 4 38.038
239 -78.4612 0 3 37.5159
1016 -80.109 0 4 37.9024
239 -78.4612 0 3 37.6693
1016 -80.109 0 4 38.4695
239 -78.4612 0 3 37.5696
1016 -80.109 0 4 38.371
239 -78.4612 0 3 38.1375
1016 -80.109 0 4 38.4356
239 -78.4612 0 3 38.0231
1016 -80.109 0 4 38.3154
239 -78.4612 0 3 38.1195
1016 -80.109 0 4 38.4383
239 -78.4612 0 3 38.004
1016 -80.109 0 4 38.3851
239 -78.4612 0 3 38.2266
1016 -80.109 0 4 38.5736
239 -78.4612 0 3 38.0901
1016 -80.109 0 4 38.5022
239 -78.4612 0 3 38.1306
1016 -80.109 0 4 38.4281
239 -78.4612 0 3 38.0261
1016 -80.109 0 4 38.3536
239 -78.4612 0 3 38.7818
1016 -80.109 0 4 38.295
239 -78.4612 0 3 38.6908
1016 -80.109 0 4 38.1658
239 -78.4612 0 3 38.8654
1016 -80.109 0 4 38.5682
239 -78.4612 0 3 38.7697
1016 -80.109 0 4 38.5069
239 -78.4612 0 3 39.0182
1016 -80.109 0 4 38.5018
239 -78.4612 0 3 38.9267
1016 -80.109 0 4 38.4022
239 -78.4612 0 3 38.8593
1016 -80.109 0 4 38.4997
239 -78.4612 0 3 38.7893
1016 -80.109 0 4 38.3654
239 -78.4612 0 3 38.714
1016 -80.109 0 4 38.3248
239 -78.4612 0 3 38.6157
1016 -80.109 0 4 38.2471
239 -78.4612 0 3 38.5419
1016 -80.109 0 4 38.2162
239 -78.4612 0 3 38.454
1016 -80.109 0 4 38.1343
239 -78.4612 0 3 38.6516
1016 -80.109 0 4 38.0836
239 -78.4612 0 3 38.6018
1016 -80.109 0 4 37.9995
239 -78.4612 0 3 38.6228
1016 -80.109 0 4 37.9669
239 -78.4612 0 3 38.5086
1016 -80.109 0 4 37.8614
239 -78.4612 0 3 38.6141
1016 -80.109 0 4 37.833
239 -78.4612 0 3 38.5362
1016 -80.109 0 4 37.7471
239 -78.4612 0 3 38.5849
1016 -80.109 0 4 37.7544
239 -78.4612 0 3 38.4857
1016 -80.109 0 4 37.672
239 -78.4612 0 3 38.8253
1016 -80.109 0 4 37.6859
239 -78.4612 0 3 38.7412
1016 -80.109 0 4 37.5445
239 -78.4612 0 3 39.0388
1016 -80.109 0 4 37.9866
239 -78.4612 0 3 38.9697
1016 -80.109 0 4 37.9335
239 -78.4612 0 3 39.0856
1016 -80.109 0 4 37.8564
239 -78.4612 0 3 39.0004
1016 -80.109 0 4 37.7787
239 -78.4612 0 3 38.9593
1016 -80.109 0 4 37.7291
239 -78.4612 0 3 38.8836
1016 -80.109 0 4 37.6839
239 -78.4612 0 3 38.801
1016 -80.109 0 4 37.6069
239 -78.4612 0 3 38.7147
1016 -80.109 0 4 37.4947
239 -78.4612 0 3 38.9089
1016 -80.109 0 4 37.4944
239 -78.4612 0 3 38.8238
1016 -80.109 0 4 37.3934
239 -78.4612 0 3 38.8895
1016 -80.109 0 4 37.3788
239 -78.4612 0 3 38.8265
1016 -80.109 0 4 37.3442
239 -78.4612 0 3 38.7845
1016 -80.109 0 4 37.4589
239 -78.4612 0 3 38.6791
1016 -80.109 0 4 37.3685
239 -78.4612 0 3 38.8224
1016 -80.109 0 4 37.8242
239 -78.4612 0 3 38.8165
1016 -80.109 0 4 37.7408
239 -78.4612 0 3 39.0681
1016 -80.109 0 4 38.1968
239 -78.4612 0 3 38.994
1016 -80.109 0 4 38.0859
239 -78.4612 0 3 39.0621
1016 -80.109 0 4 38.3508
239 -78.4612 0 3 38.9523
1016 -80.109 0 4 38.241
239 -78.4612 0 3 39.0097
1016 -80.109 0 4 38.2142
239 -78.4612 0 3 38.9392
1016 -80.109 0 4 38.1705
239 -78.4612 0 3 39.0777
1016 -80.109 0 4 38.064
239 -78.4612 0 3 39.017
1016 -80.109 0 4 37.9705
239 -78.4612 0 3 39.1446
1016 -80.109 0 4 37.9278
239 -78.4612 0 3 39.084
1016 -80.109 0 4 37.871
239 -78.4612 0 3 39.0619
1016 -80.109 0 4 37.9426
239 -78.4612 0 3 38.9892
1016 -80.109 0 4 37.8693
239 -78.4612 0 3 39.1858
1016 -80.109 0 4 37.8294
239 -78.4612 0 3 39.0844
1016 -80.109 0 4 37.755
239 -78.4612 0 3 39.1431
1016 -80.109 0 4 37.8476
239 -78.4612 0 3 39.1002
1016 -80.109 0 4 37.7669
239 -78.4612 0 3 39.0983
1016 -80.109 0 4 37.7228
239 -78.4612 0 3 39.0232
1016 -80.109 0 4 37.6749
