ID  RSSI  Neighbors  Sources  Throughput
239 0 1 -1 0
855 0 2 -1 0
1016 -72.7895 1 0 0
239 -78.1353 1 1 0
855 -80.3046 2 2 0
1016 -80.109 1 4 0
239 -78.1353 1 1 19.9345
855 -80.3046 2 2 56.7234
1016 -80.109 1 4 7.89898
239 -78.1353 1 1 16.3682
855 -80.3046 2 2 37.8139
1016 -80.109 1 4 5.84308
239 -78.1353 1 1 22.655
855 -79.5387 1 6 37.4077
239 -78.1353 1 1 18.1581
855 -79.5387 1 6 32.7211
239 -78.1353 1 1 36.3012
855 -79.5387 1 6 38.3072
239 -78.1353 1 1 33.735
855 -79.5387 1 6 32.8731
239 -78.1353 1 1 49.4418
855 -79.5387 1 6 53.9978
239 -78.1353 1 1 45.3567
855 -79.5387 1 6 64.32
239 -78.1353 1 1 40.5791
855 -79.5387 1 6 61.9778
239 -78.1353 1 1 37.9292
855 -79.5387 1 6 55.3881
239 -78.1353 1 1 38.6713
855 -79.5387 1 6 63.0462
239 -78.1353 1 1 35.719
855 -79.5387 1 6 56.521
239 -78.1353 1 1 35.2995
855 -79.5387 1 6 63.7336
239 -78.1353 1 1 32.6904
855 -79.5387 1 6 60.1274
239 -78.1353 1 1 43.8091
855 -79.5387 1 6 62.6651
239 -78.1353 1 1 54.0868
855 -79.5387 1 6 59.1136
239 -78.1353 1 1 50.2548
855 -79.5387 1 6 64.8377
239 -78.1353 1 1 47.232
855 -79.5387 1 6 62.2593
239 -78.1353 1 1 49.0391
855 -79.5387 1 6 66.4379
239 -78.1353 1 1 46.6462
855 -79.5387 1 6 62.3373
239 -78.1353 1 1 49.5056
855 -79.5387 1 6 68.646
239 -78.1353 1 1 46.5532
855 -79.5387 1 6 64.5573
239 -78.1353 1 1 46.2538
855 -79.5387 1 6 67.7633
239 -78.1353 1 1 44.8074
855 -79.5387 1 6 64.3305
239 -78.1353 1 1 43.6858
855 -79.5387 1 6 75.5144
239 -78.1353 1 1 42.0039
855 -79.5387 1 6 73.6309
239 -78.1353 1 1 43.3184
855 -79.5387 1 6 78.0769
239 -78.1353 1 1 41.6342
855 -79.5387 1 6 74.9225
239 -78.1353 1 1 48.5643
855 -79.5387 1 6 78.0166
239 -78.1353 1 1 47.858
855 -79.5387 1 6 82.355
239 -78.1353 1 1 47.7179
855 -79.5387 1 6 91.9965
239 -78.1353 1 1 46.255
855 -79.5387 1 6 95.0104
239 -78.1353 1 1 45.5323
855 -79.5387 1 6 103.836
239 -78.1353 1 1 44.0339
855 -79.5387 1 6 101.343
239 -78.1353 1 1 47.7432
855 -79.5387 1 6 104.697
239 -78.1353 1 1 46.7875
855 -79.5387 1 6 101.774
239 -78.1353 1 1 48.3101
855 -79.5387 1 6 102.722
239 -78.1353 1 1 46.8981
855 -79.5387 1 6 100.505
239 -78.1353 1 1 46.1567
855 -79.5387 1 6 99.7005
239 -78.1353 1 1 45.0213
855 -79.5387 1 6 96.9242
239 -78.1353 1 1 44.2066
855 -79.5387 1 6 97.9574
239 -78.1353 1 1 43.3331
855 -79.5387 1 6 96.6647
239 -78.1353 1 1 42.7306
855 -79.5387 1 6 99.2781
239 -78.1353 1 1 42.0436
855 -79.5387 1 6 96.9469
239 -78.1353 1 1 42.6491
855 -79.5387 1 6 103.059
239 -78.1353 1 1 42.215
855 -79.5387 1 6 100.993
239 -78.1353 1 1 41.9324
855 -79.5387 1 6 102.132
239 -78.1353 1 1 41.0952
855 -79.5387 1 6 100.532
239 -78.1353 1 1 41.7544
855 -79.5387 1 6 99.6668
239 -78.1353 1 1 41.1801
855 -79.5387 1 6 98.6906
239 -78.1353 1 1 41.3003
855 -79.5387 1 6 100.207
239 -78.1353 1 1 40.8499
855 -79.5387 1 6 98.4247
239 -78.1353 1 1 39.9859
855 -79.5387 1 6 100.222
239 -78.1353 1 1 39.5323
855 -79.5387 1 6 98.8392
239 -78.1353 1 1 39.3775
855 -79.5387 1 6 99.4432
239 -78.1353 1 1 38.9483
855 -79.5387 1 6 97.6886
239 -78.1353 1 1 39.9269
855 -79.5387 1 6 99.695
239 -78.1353 1 1 38.9935
855 -79.5387 1 6 97.7309
239 -78.1353 1 1 38.4279
855 -79.5387 1 6 99.3994
239 -78.1353 1 1 37.8765
855 -79.5387 1 6 98.6521
239 -78.1353 1 1 38.4436
855 -79.5387 1 6 101.055
239 -78.1353 1 1 37.7964
855 -79.5387 1 6 99.8405
239 -78.1353 1 1 41.2704
855 -79.5387 1 6 100.209
239 -78.1353 1 1 40.7202
855 -79.5387 1 6 99.2749
239 -78.1353 1 1 40.7203
855 -79.5387 1 6 103.018
239 -78.1353 1 1 40.3417
855 -79.5387 1 6 103.045
239 -78.1353 1 1 40.243
855 -79.5387 1 6 102.943
239 -78.1353 1 1 39.9629
855 -79.5387 1 6 101.882
239 -78.1353 1 1 40.6095
855 -79.5387 1 6 106.506
239 -78.1353 1 1 39.7985
855 -79.5387 1 6 106.504
239 -78.1353 1 1 39.9854
855 -79.5387 1 6 104.762
239 -78.1353 1 1 39.3079
855 -79.5387 1 6 103.722
239 -78.1353 1 1 40.1231
855 -79.5387 1 6 105.568
239 -78.1353 1 1 39.4518
855 -79.5387 1 6 104.42
239 -78.1353 1 1 40.5928
855 -79.5387 1 6 103.623
239 -78.1353 1 1 40.0436
855 -79.5387 1 6 102.442
239 -78.1353 1 1 39.9192
855 -79.5387 1 6 102.031
239 -78.1353 1 1 39.4429
855 -79.5387 1 6 101.007
239 -78.1353 1 1 40.4728
855 -79.5387 1 6 105.244
239 -78.1353 1 1 40.3966
855 -79.5387 1 6 104.162
239 -78.1353 1 1 39.9114
855 -79.5387 1 6 105.591
239 -78.1353 1 1 39.3329
855 -79.5387 1 6 104.071
239 -78.1353 1 1 39.0588
855 -79.5387 1 6 105.172
239 -78.1353 1 1 38.6833
855 -79.5387 1 6 103.304
239 -78.1353 1 1 41.4186
855 -79.5387 1 6 103.575
239 -78.1353 1 1 40.9457
855 -79.5387 1 6 102.845
239 -78.1353 1 1 40.9635
855 -79.5387 1 6 102.884
239 -78.1353 1 1 40.6233
855 -79.5387 1 6 101.276
239 -78.1353 1 1 41.2871
855 -79.5387 1 6 103.013
239 -78.1353 1 1 40.7349
855 -79.5387 1 6 101.975
239 -78.1353 1 1 40.7873
855 -79.5387 1 6 103.337
239 -78.1353 1 1 40.4023
855 -79.5387 1 6 104.227
239 -78.1353 1 1 40.4373
855 -79.5387 1 6 106.954
239 -78.1353 1 1 40.1214
855 -79.5387 1 6 106.436
239 -78.1353 1 1 40.4904
855 -79.5387 1 6 105.955
239 -78.1353 1 1 40.0706
855 -79.5387 1 6 105.145
239 -78.1353 1 1 40.988
855 -79.5387 1 6 106.805
239 -78.1353 1 1 40.6089
855 -79.5387 1 6 106.184
239 -78.1353 1 1 40.2156
855 -79.5387 1 6 108.825
239 -78.1353 1 1 39.8681
855 -79.5387 1 6 107.606
239 -78.1353 1 1 40.7938
855 -79.5387 1 6 107.401
239 -78.1353 1 1 40.5475
855 -79.5387 1 6 106.529
239 -78.1353 1 1 40.1696
855 -79.5387 1 6 107.825
239 -78.1353 1 1 39.9576
855 -79.5387 1 6 106.743
239 -78.1353 1 1 39.8412
855 -79.5387 1 6 107.831
239 -78.1353 1 1 39.5922
855 -79.5387 1 6 106.768
239 -78.1353 1 1 40.9785
855 -79.5387 1 6 108.852
239 -78.1353 1 1 40.6168
855 -79.5387 1 6 108.098
239 -78.1353 1 1 40.8296
855 -79.5387 1 6 107.452
239 -78.1353 1 1 40.3124
855 -79.5387 1 6 106.21
239 -78.1353 1 1 40.1353
855 -79.5387 1 6 106.916
239 -78.1353 1 1 39.6287
855 -79.5387 1 6 105.922
239 -78.1353 1 1 39.4154
855 -79.5387 1 6 105.615
239 -78.1353 1 1 39.0193
855 -79.5387 1 6 104.78
239 -78.1353 1 1 38.9336
855 -79.5387 1 6 104.698
239 -78.1353 1 1 38.7124
855 -79.5387 1 6 103.859
239 -78.1353 1 1 38.2744
855 -79.5387 1 6 103.475
239 -78.1353 1 1 37.9464
855 -79.5387 1 6 102.678
239 -78.1353 1 1 38.4263
855 -79.5387 1 6 104.258
239 -78.1353 1 1 38.1947
855 -79.5387 1 6 103.302
239 -78.1353 1 1 39.3038
855 -79.5387 1 6 104.741
239 -78.1353 1 1 39.0685
855 -79.5387 1 6 104.046
239 -78.1353 1 1 39.0312
855 -79.5387 1 6 103.828
239 -78.1353 1 1 38.7992
855 -79.5387 1 6 102.632
239 -78.1353 1 1 39.0852
855 -79.5387 1 6 102.372
239 -78.1353 1 1 38.7496
855 -79.5387 1 6 101.549
239 -78.1353 1 1 39.158
855 -79.5387 1 6 103.028
239 -78.1353 1 1 38.9384
855 -79.5387 1 6 102.219
239 -78.1353 1 1 38.8304
855 -79.5387 1 6 103.277
239 -78.1353 1 1 38.5245
855 -79.5387 1 6 102.688
239 -78.1353 1 1 39.6888
855 -79.5387 1 6 103.073
239 -78.1353 1 1 39.4879
855 -79.5387 1 6 102.177
239 -78.1353 1 1 39.2416
855 -79.5387 1 6 104.024
239 -78.1353 1 1 39.0358
855 -79.5387 1 6 103.288
239 -78.1353 1 1 39.0852
855 -79.5387 1 6 103.278
239 -78.1353 1 1 38.8615
855 -79.5387 1 6 102.794
239 -78.1353 1 1 38.7133
855 -79.5387 1 6 103.45
239 -78.1353 1 1 38.5086
855 -79.5387 1 6 102.976
239 -78.1353 1 1 38.3844
855 -79.5387 1 6 102.362
239 -78.1353 1 1 38.0242
855 -79.5387 1 6 101.617
239 -78.1353 1 1 37.8654
855 -79.5387 1 6 101.538
239 -78.1353 1 1 37.5824
855 -79.5387 1 6 100.974
239 -78.1353 1 1 37.9049
855 -79.5387 1 6 100.365
239 -78.1353 1 1 37.6513
855 -79.5387 1 6 99.6658
239 -78.1353 1 1 37.754
855 -79.5387 1 6 100.99
239 -78.1353 1 1 37.5548
855 -79.5387 1 6 101.045
239 -78.1353 1 1 37.8648
855 -79.5387 1 6 100.869
239 -78.1353 1 1 37.5509
855 -79.5387 1 6 100.427
239 -78.1353 1 1 38.8702
855 -79.5387 1 6 99.9586
239 -78.1353 1 1 38.5422
855 -79.5387 1 6 99.0707
239 -78.1353 1 1 38.9465
855 -79.5387 1 6 99.4638
239 -78.1353 1 1 38.619
855 -79.5387 1 6 99.3815
239 -78.1353 1 1 38.4365
855 -79.5387 1 6 99.1435
239 -78.1353 1 1 38.1644
855 -79.5387 1 6 98.6752
239 -78.1353 1 1 39.7291
855 -79.5387 1 6 99.4739
239 -78.1353 1 1 41.0165
855 -79.5387 1 6 98.9234
239 -78.1353 1 1 41.4231
855 -79.5387 1 6 98.5494
239 -78.1353 1 1 41.2842
855 -79.5387 1 6 97.9023
239 -78.1353 1 1 41.3643
855 -79.5387 1 6 97.4969
239 -78.1353 1 1 41.0405
855 -79.5387 1 6 97.0187
239 -78.1353 1 1 40.8451
855 -79.5387 1 6 97.0499
239 -78.1353 1 1 40.5639
855 -79.5387 1 6 96.3863
239 -78.1353 1 1 40.4006
855 -79.5387 1 6 97.0344
239 -78.1353 1 1 40.2096
855 -79.5387 1 6 96.4237
239 -78.1353 1 1 39.9182
855 -79.5387 1 6 96.4051
239 -78.1353 1 1 39.7257
855 -79.5387 1 6 95.6159
239 -78.1353 1 1 39.5931
855 -79.5387 1 6 96.1958
239 -78.1353 1 1 39.3418
855 -79.5387 1 6 95.711
239 -78.1353 1 1 39.5998
855 -79.5387 1 6 95.8527
239 -78.1353 1 1 39.4509
855 -79.5387 1 6 95.6382
239 -78.1353 1 1 39.4023
855 -79.5387 1 6 97.814
239 -78.1353 1 1 39.1452
855 -79.5387 1 6 97.278
239 -78.1353 1 1 39.1363
855 -79.5387 1 6 97.3753
239 -78.1353 1 1 38.8252
855 -79.5387 1 6 96.6573
239 -78.1353 1 1 38.852
855 -79.5387 1 6 97.9418
239 -78.1353 1 1 38.5224
855 -79.5387 1 6 97.4026
239 -78.1353 1 1 39.237
855 -79.5387 1 6 98.2913
239 -78.1353 1 1 38.9556
855 -79.5387 1 6 97.8462
239 -78.1353 1 1 38.8307
855 -79.5387 1 6 98.2397
239 -78.1353 1 1 38.6254
855 -79.5387 1 6 97.7867
239 -78.1353 1 1 38.4725
855 -79.5387 1 6 98.7899
239 -78.1353 1 1 38.2145
855 -79.5387 1 6 98.8102
239 -78.1353 1 1 38.7406
855 -79.5387 1 6 99.7523
239 -78.1353 1 1 38.7391
855 -79.5387 1 6 101.251
239 -78.1353 1 1 39.3827
855 -79.5387 1 6 102.38
239 -78.1353 1 1 39.7823
855 -79.5387 1 6 102.183
239 -78.1353 1 1 39.9343
855 -79.5387 1 6 102.219
239 -78.1353 1 1 39.7834
855 -79.5387 1 6 101.87
239 -78.1353 1 1 39.9823
855 -79.5387 1 6 101.929
239 -78.1353 1 1 39.7358
855 -79.5387 1 6 101.411
239 -78.1353 1 1 40.0787
855 -79.5387 1 6 101.952
239 -78.1353 1 1 39.8612
855 -79.5387 1 6 102.676
239 -78.1353 1 1 39.6532
855 -79.5387 1 6 103.939
239 -78.1353 1 1 39.389
855 -79.5387 1 6 103.3
239 -78.1353 1 1 39.4005
855 -79.5387 1 6 103.423
239 -78.1353 1 1 39.1301
855 -79.5387 1 6 103.048
239 -78.1353 1 1 39.0379
855 -79.5387 1 6 103.738
239 -78.1353 1 1 38.8654
855 -79.5387 1 6 103.425
239 -78.1353 1 1 39.9902
855 -79.5387 1 6 104.109
239 -78.1353 1 1 39.8279
855 -79.5387 1 6 103.805
239 -78.1353 1 1 39.6356
855 -79.5387 1 6 104.515
239 -78.1353 1 1 39.4413
855 -79.5387 1 6 103.844
239 -78.1353 1 1 39.4355
855 -79.5387 1 6 104.903
239 -78.1353 1 1 39.2934
855 -79.5387 1 6 104.305
239 -78.1353 1 1 39.1793
855 -79.5387 1 6 105.03
239 -78.1353 1 1 38.9482
855 -79.5387 1 6 104.662
239 -78.1353 1 1 38.8067
855 -79.5387 1 6 105.304
239 -78.1353 1 1 38.6368
855 -79.5387 1 6 104.956
239 -78.1353 1 1 38.6135
855 -79.5387 1 6 105.374
239 -78.1353 1 1 38.4086
855 -79.5387 1 6 104.78
239 -78.1353 1 1 38.5711
855 -79.5387 1 6 104.811
239 -78.1353 1 1 38.402
855 -79.5387 1 6 104.061
239 -78.1353 1 1 38.7256
855 -79.5387 1 6 104.53
239 -78.1353 1 1 38.5867
855 -79.5387 1 6 103.963
239 -78.1353 1 1 38.3574
855 -79.5387 1 6 104.555
239 -78.1353 1 1 38.1892
855 -79.5387 1 6 104.385
239 -78.1353 1 1 38.3234
855 -79.5387 1 6 104.39
239 -78.1353 1 1 38.7689
855 -79.5387 1 6 103.81
239 -78.1353 1 1 38.6529
855 -79.5387 1 6 103.557
239 -78.1353 1 1 38.5549
855 -79.5387 1 6 103.221
239 -78.1353 1 1 39.2201
855 -79.5387 1 6 103.689
239 -78.1353 1 1 39.0581
855 -79.5387 1 6 103.54
239 -78.1353 1 1 39.2515
855 -79.5387 1 6 103.93
239 -78.1353 1 1 39.0718
855 -79.5387 1 6 103.347
239 -78.1353 1 1 39.0352
855 -79.5387 1 6 103.68
239 -78.1353 1 1 38.9087
855 -79.5387 1 6 103.019
239 -78.1353 1 1 39.2128
855 -79.5387 1 6 103.407
239 -78.1353 1 1 40.3773
855 -79.5387 1 6 102.831
239 -78.1353 1 1 40.3064
855 -79.5387 1 6 104.226
239 -78.1353 1 1 40.1701
855 -79.5387 1 6 103.624
239 -78.1353 1 1 40.5117
855 -79.5387 1 6 104.792
239 -78.1353 1 1 40.3221
855 -79.5387 1 6 104.263
239 -78.1353 1 1 40.6481
855 -79.5387 1 6 104.91
239 -78.1353 1 1 40.4329
855 -79.5387 1 6 104.515
239 -78.1353 1 1 40.4999
855 -79.5387 1 6 105.192
239 -78.1353 1 1 40.3889
855 -79.5387 1 6 104.517
239 -78.1353 1 1 40.6526
855 -79.5387 1 6 104.877
239 -78.1353 1 1 41.3595
855 -79.5387 1 6 104.469
239 -78.1353 1 1 41.2761
855 -79.5387 1 6 104.635
239 -78.1353 1 1 41.0704
855 -79.5387 1 6 104.057
239 -78.1353 1 1 41.1965
855 -79.5387 1 6 104.455
239 -78.1353 1 1 41.0466
855 -79.5387 1 6 104.133
239 -78.1353 1 1 41.1794
855 -79.5387 1 6 104.008
239 -78.1353 1 1 40.9907
855 -79.5387 1 6 103.352
239 -78.1353 1 1 41.4275
855 -79.5387 1 6 103.755
239 -78.1353 1 1 41.2577
855 -79.5387 1 6 103.245
239 -78.1353 1 1 41.2202
855 -79.5387 1 6 103.365
239 -78.1353 1 1 41.0283
855 -79.5387 1 6 103.075
239 -78.1353 1 1 41.2401
855 -79.5387 1 6 103.487
239 -78.1353 1 1 41.0889
855 -79.5387 1 6 103.066
239 -78.1353 1 1 42.1845
855 -79.5387 1 6 102.989
239 -78.1353 1 1 42.4831
855 -79.5387 1 6 102.614
239 -78.1353 1 1 42.5311
855 -79.5387 1 6 103.075
239 -78.1353 1 1 42.4094
855 -79.5387 1 6 102.511
239 -78.1353 1 1 42.3289
855 -79.5387 1 6 103.661
239 -78.1353 1 1 42.1697
855 -79.5387 1 6 103.78
239 -78.1353 1 1 42.4956
855 -79.5387 1 6 103.712
239 -78.1353 1 1 42.2819
855 -79.5387 1 6 103.381
239 -78.1353 1 1 42.439
855 -79.5387 1 6 103.94
239 -78.1353 1 1 42.3336
855 -79.5387 1 6 105.629
239 -78.1353 1 1 42.1954
855 -79.5387 1 6 106.04
239 -78.1353 1 1 42.0473
855 -79.5387 1 6 105.493
239 -78.1353 1 1 42.4447
855 -79.5387 1 6 105.516
239 -78.1353 1 1 42.1983
855 -79.5387 1 6 105.321
239 -78.1353 1 1 42.172
855 -79.5387 1 6 105.13
239 -78.1353 1 1 42.002
855 -79.5387 1 6 104.803
239 -78.1353 1 1 42.0845
855 -79.5387 1 6 105.345
239 -78.1353 1 1 41.941
855 -79.5387 1 6 105.044
239 -78.1353 1 1 42.2612
855 -79.5387 1 6 105.09
239 -78.1353 1 1 42.1476
855 -79.5387 1 6 104.733
239 -78.1353 1 1 42.019
855 -79.5387 1 6 104.7
239 -78.1353 1 1 41.8405
855 -79.5387 1 6 104.148
239 -78.1353 1 1 41.9475
855 -79.5387 1 6 104.208
239 -78.1353 1 1 41.7666
855 -79.5387 1 6 103.912
239 -78.1353 1 1 41.697
855 -79.5387 1 6 103.822
239 -78.1353 1 1 41.5408
855 -79.5387 1 6 103.415
239 -78.1353 1 1 41.4547
855 -79.5387 1 6 103.451
239 -78.1353 1 1 41.2985
855 -79.5387 1 6 103.215
239 -78.1353 1 1 41.2974
855 -79.5387 1 6 104.266
239 -78.1353 1 1 41.1892
855 -79.5387 1 6 104.02
239 -78.1353 1 1 41.2054
855 -79.5387 1 6 104
239 -78.1353 1 1 41.0943
855 -79.5387 1 6 103.725
239 -78.1353 1 1 42.2556
855 -79.5387 1 6 103.442
239 -78.1353 1 1 42.1402
855 -79.5387 1 6 103.198
239 -78.1353 1 1 42.239
855 -79.5387 1 6 103.111
239 -78.1353 1 1 42.0576
855 -79.5387 1 6 102.696
239 -78.1353 1 1 42.0492
855 -79.5387 1 6 102.972
239 -78.1353 1 1 41.9162
855 -79.5387 1 6 102.621
239 -78.1353 1 1 42.2997
855 -79.5387 1 6 102.29
239 -78.1353 1 1 42.1031
855 -79.5387 1 6 102.037
239 -78.1353 1 1 42.2868
855 -79.5387 1 6 102.302
239 -78.1353 1 1 42.1129
855 -79.5387 1 6 101.961
239 -78.1353 1 1 42.0336
855 -79.5387 1 6 102.437
239 -78.1353 1 1 41.841
855 -79.5387 1 6 102.078
239 -78.1353 1 1 41.7141
855 -79.5387 1 6 102.507
239 -78.1353 1 1 41.5684
855 -79.5387 1 6 101.993
239 -78.1353 1 1 41.5087
855 -79.5387 1 6 102.286
239 -78.1353 1 1 41.3739
855 -79.5387 1 6 101.754
239 -78.1353 1 1 41.783
855 -79.5387 1 6 102.16
239 -78.1353 1 1 42.0139
855 -79.5387 1 6 101.805
239 -78.1353 1 1 42.4668
855 -79.5387 1 6 101.76
239 -78.1353 1 1 42.2901
855 -79.5387 1 6 101.489
239 -78.1353 1 1 43.2087
855 -79.5387 1 6 101.473
239 -78.1353 1 1 43.0363
855 -79.5387 1 6 100.939
239 -78.1353 1 1 42.982
855 -79.5387 1 6 101.398
239 -78.1353 1 1 42.8162
855 -79.5387 1 6 101.313
239 -78.1353 1 1 42.7125
855 -79.5387 1 6 101.296
239 -78.1353 1 1 42.614
855 -79.5387 1 6 100.948
239 -78.1353 1 1 42.6553
855 -79.5387 1 6 101.313
239 -78.1353 1 1 42.5382
855 -79.5387 1 6 101.212
239 -78.1353 1 1 42.5048
855 -79.5387 1 6 101.13
239 -78.1353 1 1 42.3686
855 -79.5387 1 6 100.817
239 -78.1353 1 1 42.2507
855 -79.5387 1 6 100.671
239 -78.1353 1 1 42.1205
855 -79.5387 1 6 100.366
239 -78.1353 1 1 43.2565
855 -79.5387 1 6 100.181
239 -78.1353 1 1 43.1444
855 -79.5387 1 6 99.7762
239 -78.1353 1 1 43.2557
855 -79.5387 1 6 99.8917
239 -78.1353 1 1 43.0977
855 -79.5387 1 6 100.175
239 -78.1353 1 1 42.9877
855 -79.5387 1 6 100.146
239 -78.1353 1 1 42.9067
855 -79.5387 1 6 99.8896
239 -78.1353 1 1 42.7305
855 -79.5387 1 6 99.8131
239 -78.1353 1 1 42.6085
855 -79.5387 1 6 99.6601
239 -78.1353 1 1 42.6884
855 -79.5387 1 6 99.8863
239 -78.1353 1 1 42.62
855 -79.5387 1 6 99.6435
239 -78.1353 1 1 43.2933
855 -79.5387 1 6 99.8895
239 -78.1353 1 1 43.2074
855 -79.5387 1 6 99.5662
239 -78.1353 1 1 43.6073
855 -79.5387 1 6 99.672
239 -78.1353 1 1 43.4811
855 -79.5387 1 6 99.4294
239 -78.1353 1 1 43.3647
855 -79.5387 1 6 99.84
239 -78.1353 1 1 43.2441
855 -79.5387 1 6 99.6093
239 -78.1353 1 1 43.211
855 -79.5387 1 6 100.029
239 -78.1353 1 1 43.0604
855 -79.5387 1 6 99.7076
239 -78.1353 1 1 43.0145
855 -79.5387 1 6 99.5224
239 -78.1353 1 1 42.8953
855 -79.5387 1 6 99.3167
239 -78.1353 1 1 42.8285
855 -79.5387 1 6 99.3083
239 -78.1353 1 1 42.6853
855 -79.5387 1 6 99.1803
239 -78.1353 1 1 42.8237
855 -79.5387 1 6 99.7288
239 -78.1353 1 1 42.6836
855 -79.5387 1 6 99.6454
239 -78.1353 1 1 42.5946
855 -79.5387 1 6 99.9988
239 -78.1353 1 1 42.4737
855 -79.5387 1 6 99.7209
239 -78.1353 1 1 42.4799
855 -79.5387 1 6 99.6479
239 -78.1353 1 1 42.3401
855 -79.5387 1 6 99.3991
239 -78.1353 1 1 42.2051
855 -79.5387 1 6 99.2416
239 -78.1353 1 1 42.1091
855 -79.5387 1 6 98.988
239 -78.1353 1 1 42.1087
855 -79.5387 1 6 99.3268
239 -78.1353 1 1 42.0334
855 -79.5387 1 6 98.9931
239 -78.1353 1 1 42.1409
855 -79.5387 1 6 99.0162
239 -78.1353 1 1 42.0102
855 -79.5387 1 6 98.7099
239 -78.1353 1 1 41.9734
855 -79.5387 1 6 99.1875
239 -78.1353 1 1 41.8508
855 -79.5387 1 6 99.0311
239 -78.1353 1 1 41.793
855 -79.5387 1 6 98.9735
239 -78.1353 1 1 41.6114
855 -79.5387 1 6 98.6435
239 -78.1353 1 1 41.6059
855 -79.5387 1 6 99.3565
239 -78.1353 1 1 41.4816
855 -79.5387 1 6 99.0661
239 -78.1353 1 1 41.4297
855 -79.5387 1 6 99.2577
239 -78.1353 1 1 41.3769
855 -79.5387 1 6 99.0002
239 -78.1353 1 1 41.2308
855 -79.5387 1 6 99.5489
239 -78.1353 1 1 41.1582
855 -79.5387 1 6 99.2958
239 -78.1353 1 1 41.0521
855 -79.5387 1 6 99.2563
239 -78.1353 1 1 40.9393
855 -79.5387 1 6 98.8715
239 -78.1353 1 1 40.9754
855 -79.5387 1 6 99.2351
239 -78.1353 1 1 40.8363
855 -79.5387 1 6 99.1339
239 -78.1353 1 1 41.0608
855 -79.5387 1 6 99.0139
239 -78.1353 1 1 41.0039
855 -79.5387 1 6 98.7825
239 -78.1353 1 1 41.109
855 -79.5387 1 6 99.0995
239 -78.1353 1 1 40.9781
855 -79.5387 1 6 98.8067
239 -78.1353 1 1 40.9362
855 -79.5387 1 6 99.1326
239 -78.1353 1 1 40.872
855 -79.5387 1 6 98.8001
239 -78.1353 1 1 41.1734
855 -79.5387 1 6 98.8113
239 -78.1353 1 1 41.0788
855 -79.5387 1 6 98.5213
239 -78.1353 1 1 41.3195
855 -79.5387 1 6 98.5214
239 -78.1353 1 1 41.2029
855 -79.5387 1 6 98.269
239 -78.1353 1 1 41.086
855 -79.5387 1 6 98.2572
239 -78.1353 1 1 41.019
855 -79.5387 1 6 98.1093
239 -78.1353 1 1 42.0857
855 -79.5387 1 6 97.8599
239 -78.1353 1 1 42.0154
855 -79.5387 1 6 97.6263
239 -78.1353 1 1 42.0439
855 -79.5387 1 6 98.0346
239 -78.1353 1 1 41.9501
855 -79.5387 1 6 98.0283
239 -78.1353 1 1 41.8999
855 -79.5387 1 6 98.4347
239 -78.1353 1 1 41.759
855 -79.5387 1 6 98.6758
239 -78.1353 1 1 41.6865
855 -79.5387 1 6 98.5409
239 -78.1353 1 1 41.5924
855 -79.5387 1 6 98.3018
239 -78.1353 1 1 41.4993
855 -79.5387 1 6 98.3724
239 -78.1353 1 1 41.3354
855 -79.5387 1 6 98.1765
239 -78.1353 1 1 41.7062
855 -79.5387 1 6 98.3055
239 -78.1353 1 1 41.6124
855 -79.5387 1 6 98.0013
239 -78.1353 1 1 41.7547
855 -79.5387 1 6 98.1608
239 -78.1353 1 1 41.635
855 -79.5387 1 6 97.9248
239 -78.1353 1 1 41.6012
855 -79.5387 1 6 98.0566
239 -78.1353 1 1 41.526
855 -79.5387 1 6 97.749
239 -78.1353 1 1 41.6303
855 -79.5387 1 6 97.6888
239 -78.1353 1 1 41.5693
855 -79.5387 1 6 97.4163
239 -78.1353 1 1 41.4704
855 -79.5387 1 6 97.8371
239 -78.1353 1 1 41.3267
855 -79.5387 1 6 97.4738
239 -78.1353 1 1 41.4913
855 -79.5387 1 6 97.5285
239 -78.1353 1 1 41.3443
855 -79.5387 1 6 97.3685
239 -78.1353 1 1 41.4802
855 -79.5387 1 6 97.6846
239 -78.1353 1 1 41.3946
855 -79.5387 1 6 97.5055
239 -78.1353 1 1 41.5268
855 -79.5387 1 6 97.6367
239 -78.1353 1 1 41.3974
855 -79.5387 1 6 97.3941
239 -78.1353 1 1 41.8103
855 -79.5387 1 6 97.4251
239 -78.1353 1 1 41.6805
855 -79.5387 1 6 97.1736
239 -78.1353 1 1 41.8762
855 -79.5387 1 6 97.1342
239 -78.1353 1 1 41.7723
855 -79.5387 1 6 96.92
239 -78.1353 1 1 41.7132
855 -79.5387 1 6 97.0508
239 -78.1353 1 1 41.6051
855 -79.5387 1 6 96.8626
239 -78.1353 1 1 41.5722
855 -79.5387 1 6 96.8305
239 -78.1353 1 1 41.4786
855 -79.5387 1 6 96.5812
239 -78.1353 1 1 41.5192
855 -79.5387 1 6 97.4369
239 -78.1353 1 1 41.4029
855 -79.5387 1 6 97.563
239 -78.1353 1 1 41.5109
855 -79.5387 1 6 97.4308
239 -78.1353 1 1 41.4224
855 -79.5387 1 6 97.2999
239 -78.1353 1 1 41.5809
855 -79.5387 1 6 97.5694
239 -78.1353 1 1 41.4664
855 -79.5387 1 6 97.357
239 -78.1353 1 1 41.5618
855 -79.5387 1 6 97.4368
239 -78.1353 1 1 41.4661
855 -79.5387 1 6 97.1189
239 -78.1353 1 1 41.6168
855 -79.5387 1 6 97.1507
239 -78.1353 1 1 41.4945
855 -79.5387 1 6 96.9813
239 -78.1353 1 1 41.4998
855 -79.5387 1 6 97.2614
239 -78.1353 1 1 41.3518
855 -79.5387 1 6 97.0665
239 -78.1353 1 1 41.3875
855 -79.5387 1 6 97.6743
239 -78.1353 1 1 41.2746
855 -79.5387 1 6 97.4259
239 -78.1353 1 1 41.3905
855 -79.5387 1 6 98.073
239 -78.1353 1 1 41.2959
855 -79.5387 1 6 97.9395
239 -78.1353 1 1 41.3853
855 -79.5387 1 6 97.6655
239 -78.1353 1 1 41.3084
855 -79.5387 1 6 97.4901
239 -78.1353 1 1 41.665
855 -79.5387 1 6 97.7571
239 -78.1353 1 1 41.5458
855 -79.5387 1 6 97.5875
239 -78.1353 1 1 41.4653
855 -79.5387 1 6 97.7715
239 -78.1353 1 1 41.4012
855 -79.5387 1 6 97.5005
239 -78.1353 1 1 41.3523
855 -79.5387 1 6 97.7617
239 -78.1353 1 1 41.259
855 -79.5387 1 6 97.5468
239 -78.1353 1 1 41.3164
855 -79.5387 1 6 97.3304
239 -78.1353 1 1 41.1812
855 -79.5387 1 6 97.1063
239 -78.1353 1 1 41.7772
855 -79.5387 1 6 97.0695
239 -78.1353 1 1 41.6865
855 -79.5387 1 6 96.8188
239 -78.1353 1 1 41.7044
855 -79.5387 1 6 97.1112
239 -78.1353 1 1 41.583
855 -79.5387 1 6 96.9379
239 -78.1353 1 1 41.6159
855 -79.5387 1 6 96.8012
239 -78.1353 1 1 41.5609
855 -79.5387 1 6 96.5115
239 -78.1353 1 1 41.5089
855 -79.5387 1 6 96.466
239 -78.1353 1 1 41.4014
855 -79.5387 1 6 96.3
239 -78.1353 1 1 41.6647
855 -79.5387 1 6 96.2753
239 -78.1353 1 1 41.5511
855 -79.5387 1 6 96.1219
239 -78.1353 1 1 41.4958
855 -79.5387 1 6 96.3744
239 -78.1353 1 1 41.394
855 -79.5387 1 6 96.0616
239 -78.1353 1 1 41.5215
855 -79.5387 1 6 96.2575
239 -78.1353 1 1 41.4385
855 -79.5387 1 6 95.9881
239 -78.1353 1 1 41.9865
855 -79.5387 1 6 95.8509
239 -78.1353 1 1 41.9099
855 -79.5387 1 6 95.6509
239 -78.1353 1 1 41.9688
855 -79.5387 1 6 95.9192
239 -78.1353 1 1 41.8595
855 -79.5387 1 6 95.6906
239 -78.1353 1 1 42.0193
855 -79.5387 1 6 95.7975
239 -78.1353 1 1 41.9577
855 -79.5387 1 6 95.4741
239 -78.1353 1 1 41.8682
855 -79.5387 1 6 95.5431
239 -78.1353 1 1 41.807
855 -79.5387 1 6 95.406
239 -78.1353 1 1 42.1958
855 -79.5387 1 6 95.6316
239 -78.1353 1 1 42.4569
855 -79.5387 1 6 95.4987
239 -78.1353 1 1 42.4175
855 -79.5387 1 6 95.7277
239 -78.1353 1 1 42.3257
855 -79.5387 1 6 96.0952
239 -78.1353 1 1 42.432
855 -79.5387 1 6 96.215
239 -78.1353 1 1 42.368
855 -79.5387 1 6 96.2251
239 -78.1353 1 1 42.6831
855 -79.5387 1 6 96.6432
239 -78.1353 1 1 42.6116
855 -79.5387 1 6 96.4956
239 -78.1353 1 1 42.5683
855 -79.5387 1 6 96.7748
239 -78.1353 1 1 42.4993
855 -79.5387 1 6 96.6308
239 -78.1353 1 1 42.6742
855 -79.5387 1 6 96.7648
239 -78.1353 1 1 42.7197
855 -79.5387 1 6 96.5092
239 -78.1353 1 1 42.6383
855 -79.5387 1 6 96.7249
239 -78.1353 1 1 42.5714
855 -79.5387 1 6 96.5998
239 -78.1353 1 1 42.606
855 -79.5387 1 6 96.6432
239 -78.1353 1 1 42.4796
855 -79.5387 1 6 96.4888
239 -78.1353 1 1 42.8419
855 -79.5387 1 6 96.6425
239 -78.1353 1 1 42.7513
855 -79.5387 1 6 96.4346
239 -78.1353 1 1 42.7265
855 -79.5387 1 6 96.9839
239 -78.1353 1 1 42.6733
855 -79.5387 1 6 96.8347
239 -78.1353 1 1 42.7604
855 -79.5387 1 6 96.9711
239 -78.1353 1 1 42.6638
855 -79.5387 1 6 96.7545
