ID  RSSI  Neighbors  Sources  Throughput
711 0 2 -1 0
781 0 3 -1 0
851 -72.556 2 0 0
1649 -75.7997 3 0 0
1810 -74.0875 4 0 0
1971 -76.5574 3 0 0
2132 -73.3798 2 0 0
2293 -82.0243 3 1 0
2454 -79.1415 2 1 0
711 -78.893 2 1 0
781 -78.2666 3 1 0
851 -72.556 2 0 0
1649 -74.4613 3 1 0
1810 -76.1327 4 1 0
1971 -78.508 3 3 0
2132 -77.1948 2 1 0
2293 -79.413 3 3 0
2454 -79.1415 2 1 0
711 -78.893 2 1 43.2225
781 -78.2666 3 1 0.857698
851 -72.556 2 0 0
1649 -74.4613 3 1 0.950811
1810 -76.1327 4 1 2.58325
1971 -78.508 3 3 1.67187
2132 -77.1948 2 1 5.00713
2293 -79.413 3 3 3.05876
2454 -79.1415 2 1 1.00275
711 -78.893 2 1 33.5527
781 -78.2666 3 1 0.68134
851 -72.556 2 0 0
1649 -74.4613 3 1 0.648242
1810 -76.1327 4 1 1.90555
1971 -78.508 3 3 1.37864
2132 -77.1948 2 1 4.55515
2293 -79.413 3 3 1.9392
2454 -79.1415 2 1 0.656733
711 -78.893 2 1 64.2307
781 -78.2666 2 1 0.524083
1649 -74.4613 3 1 5.53334
1810 -76.1327 4 1 3.2958
1971 -78.508 2 3 5.01786
2132 -77.1948 2 1 4.44161
2293 -79.413 3 3 1.70147
2454 -79.1415 2 1 0.527464
711 -78.893 2 1 51.2742
781 -78.2666 2 1 0.417883
1649 -74.4613 3 1 4.1965
1810 -76.1327 4 1 2.74111
1971 -78.508 2 3 4.54424
2132 -77.1948 2 1 3.69089
2293 -79.413 3 3 1.26445
2454 -79.1415 2 1 0.42212
711 -78.893 2 1 55.7297
781 -78.2666 2 1 0.359525
1649 -74.4613 3 1 3.57759
1810 -76.1327 4 1 5.02729
1971 -78.508 2 3 24.9095
2132 -77.1948 2 1 7.30975
2293 -79.413 3 3 1.12589
2454 -79.1415 2 1 0.359428
711 -78.893 2 1 50.0694
781 -78.2666 2 1 0.321599
1649 -74.4613 3 1 3.26115
1810 -76.1327 4 1 4.43148
1971 -78.508 2 3 30.0257
2132 -77.1948 2 1 6.5833
2293 -79.413 3 3 0.949315
2454 -79.1415 2 1 0.330624
711 -78.893 2 1 45.9912
781 -78.2666 2 1 0.284087
1649 -74.4613 3 1 3.47512
1810 -76.1327 4 1 6.41062
1971 -78.508 2 3 38.5894
2132 -77.1948 2 1 8.71754
2293 -79.413 3 3 0.877222
2454 -79.1415 2 1 0.289276
711 -78.893 2 1 55.3469
781 -78.2666 2 1 0.264993
1649 -74.4613 3 1 3.041
1810 -76.1327 4 1 5.79776
1971 -78.508 2 3 42.0901
2132 -77.1948 2 1 8.22547
2293 -79.413 3 3 0.75955
2454 -79.1415 2 1 0.25204
711 -77.4336 1 2 61.9387
1649 -74.4613 3 1 3.91379
1810 -76.1327 3 1 7.73965
1971 -78.508 2 3 46.2336
2132 -77.1948 2 1 7.63656
2293 -79.413 3 3 0.700117
2454 -79.1415 2 1 0.228389
711 -77.4336 1 2 56.7823
1649 -74.4613 3 1 3.56321
1810 -76.1327 3 1 6.95728
1971 -78.508 2 3 42.6769
2132 -77.1948 2 1 7.05836
2293 -79.413 3 3 0.648563
2454 -79.1415 2 1 0.210272
711 -77.4336 1 2 72.8888
1649 -74.4613 3 1 3.70459
1810 -76.1327 3 1 7.50575
1971 -78.508 2 3 50.8057
2132 -77.1948 2 1 7.58995
2293 -79.413 3 3 0.582789
2454 -79.1415 2 1 0.194892
711 -77.4336 1 2 69.5212
1649 -74.4613 3 1 3.42488
1810 -76.1327 3 1 6.79291
1971 -78.508 2 3 48.2577
2132 -77.1948 2 1 7.0072
2293 -79.413 3 3 0.536357
2454 -79.1415 2 1 0.179586
711 -77.4336 1 2 69.5592
1649 -74.4613 3 1 3.5675
1810 -76.1327 3 1 7.53928
1971 -78.508 2 3 56.153
2132 -77.1948 2 1 6.97751
2293 -79.413 3 3 0.501242
2454 -79.1415 2 1 0.16698
711 -77.4336 1 2 64.4196
1649 -74.4613 3 1 3.30183
1810 -76.1327 3 1 7.06353
1971 -78.508 2 3 53.2537
2132 -77.1948 2 1 6.27594
2293 -79.413 3 3 0.476275
2454 -79.1415 2 1 0.159716
711 -77.4336 1 2 63.0452
1649 -74.4613 3 1 3.14636
1810 -76.4505 3 2 8.43336
1971 -78.508 1 3 54.993
2132 -77.1948 2 1 6.22466
2293 -79.413 2 3 0.451422
711 -77.4336 1 2 60.8181
1649 -74.4613 3 1 2.92501
1810 -76.4505 3 2 7.64711
1971 -78.508 1 3 51.1863
2132 -77.1948 2 1 5.81673
2293 -79.413 2 3 0.420918
711 -77.4336 1 2 61.4857
1649 -74.4613 3 1 3.07513
1810 -76.4505 3 2 7.91955
1971 -78.508 1 3 54.0934
2132 -77.1948 2 1 5.84529
2293 -79.413 2 3 0.396059
711 -77.4336 1 2 58.8765
1649 -74.4613 3 1 2.90034
1810 -76.4505 3 2 7.67765
1971 -78.508 1 3 52.4121
2132 -77.1948 2 1 5.40345
2293 -79.413 2 3 0.376052
711 -77.4336 1 2 68.688
1649 -74.4613 3 1 3.56927
1810 -76.4505 3 2 7.64211
1971 -78.508 1 3 48.7454
2132 -77.1948 2 1 5.339
2293 -79.413 2 3 0.361245
711 -77.4336 1 2 64.8894
1649 -74.4613 3 1 3.33115
1810 -76.4505 3 2 7.20178
1971 -78.508 1 3 47.3754
2132 -77.1948 2 1 5.13573
2293 -79.413 2 3 0.349388
711 -77.4336 1 2 69.9366
1649 -76.1943 3 2 4.48489
1810 -76.4505 2 2 7.374
1971 -78.3656 1 4 46.2849
2132 -77.1948 1 1 5.02483
711 -77.4336 1 2 66.4984
1649 -76.1943 3 2 4.34688
1810 -76.4505 2 2 7.005
1971 -78.3656 1 4 44.3911
2132 -77.1948 1 1 4.80711
711 -77.4336 1 2 71.9251
1649 -76.1943 3 2 4.45535
1810 -76.4505 2 2 6.89588
1971 -78.3656 1 4 45.1008
2132 -77.1948 1 1 4.79783
711 -77.4336 1 2 69.9387
1649 -76.1943 3 2 4.28562
1810 -76.4505 2 2 6.55406
1971 -78.3656 1 4 43.8631
2132 -77.1948 1 1 4.57285
711 -77.4336 1 2 67.2641
1649 -76.1943 3 2 4.18314
1810 -76.4505 2 2 6.41955
1971 -78.3656 1 4 42.1578
2132 -77.1948 1 1 5.03398
711 -77.4336 1 2 64.8839
1649 -76.1943 3 2 4.05327
1810 -76.4505 2 2 6.17653
1971 -78.3656 1 4 40.5187
2132 -77.1948 1 1 4.91436
711 -77.4336 1 2 66.8781
1649 -76.1943 3 2 4.32347
1810 -76.4505 2 2 6.14602
1971 -78.3656 1 4 42.6992
2132 -77.1948 1 1 4.86842
711 -77.4336 1 2 65.2787
1649 -76.1943 3 2 4.08967
1810 -76.4505 2 2 5.85796
1971 -78.3656 1 4 41.2965
2132 -77.1948 1 1 4.74359
711 -77.4336 1 2 63.2996
1649 -76.1943 3 2 4.38354
1810 -76.4505 2 2 5.7577
1971 -78.3656 1 4 40.5971
2132 -77.1948 1 1 4.54588
711 -77.4336 1 2 61.507
1649 -76.1943 3 2 4.24408
1810 -76.4505 2 2 5.59193
1971 -78.3656 1 4 39.0714
2132 -77.1948 1 1 4.39192
711 -77.4336 1 2 60.3364
1649 -76.1943 3 2 5.00784
1810 -76.4505 2 2 5.47926
1971 -78.3656 1 4 41.1676
2132 -77.1948 1 1 4.39024
711 -77.4336 1 2 58.6675
1649 -76.1943 3 2 4.89229
1810 -76.4505 2 2 5.24098
1971 -78.3656 1 4 47.8968
2132 -77.1948 1 1 4.1971
711 -77.4336 1 2 58.9611
1649 -76.1943 3 2 5.52274
1810 -76.4505 2 2 5.14752
1971 -78.3656 1 4 54.212
2132 -77.1948 1 1 4.32697
711 -77.4336 1 2 69.9653
1649 -76.1943 3 2 5.36832
1810 -76.4505 1 2 4.94181
1971 -78.3656 1 4 56.9534
2132 -77.1948 1 1 4.21503
711 -77.4336 1 2 76.5999
1649 -76.1943 3 2 5.24196
1810 -76.4505 2 2 5.31189
1971 -78.3656 1 4 58.5668
2132 -77.1948 1 1 4.20081
711 -77.4336 1 2 74.8266
1649 -76.1943 3 2 5.13313
1810 -76.4505 2 2 5.16402
1971 -78.3656 1 4 57.1542
2132 -77.1948 1 1 4.01939
711 -77.4336 1 2 75.7898
1649 -76.1943 3 2 4.94785
1810 -76.4505 2 2 5.20411
1971 -78.3656 1 4 57.5049
2132 -77.1948 1 1 4.03441
711 -77.4336 1 2 73.8645
1649 -76.1943 3 2 4.84327
1810 -76.4505 2 2 5.10023
1971 -78.3656 1 4 55.4339
2132 -77.1948 1 1 3.95014
711 -77.4336 1 2 73.1027
1649 -76.1943 3 2 4.90593
1810 -76.4505 2 2 5.20374
1971 -78.3656 1 4 54.4059
2132 -77.1948 1 1 4.208
711 -77.4336 1 2 71.4716
1649 -76.1943 3 2 4.82261
1810 -76.4505 2 2 5.07859
1971 -78.3656 1 4 53.7654
2132 -77.1948 1 1 4.07708
711 -77.4336 1 2 71.5944
1649 -76.1943 3 2 4.76377
1810 -76.4505 2 2 5.16498
1971 -78.3656 1 4 55.603
2132 -77.1948 1 1 4.15639
711 -77.4336 1 2 70.1812
1649 -76.1943 3 2 4.65721
1810 -76.4505 2 2 5.04002
1971 -78.3656 1 4 58.9644
2132 -77.1948 1 1 4.04325
711 -77.4336 1 2 71.2301
1649 -76.1943 3 2 4.58776
1810 -76.4505 2 2 5.18703
1971 -78.3656 1 4 60.9263
2132 -77.1948 1 1 4.10993
711 -77.4336 1 2 70.1233
1649 -76.1943 3 2 4.51656
1810 -76.4505 2 2 5.08821
1971 -78.3656 1 4 64.5325
2132 -77.1948 1 1 3.98566
711 -77.4336 1 2 69.4701
1649 -76.1943 3 2 4.52994
1810 -76.4505 2 2 5.22518
1971 -78.3656 1 4 65.0222
2132 -77.1948 1 1 3.90839
711 -77.4336 1 2 67.9619
1649 -76.1943 3 2 4.45368
1810 -76.4505 2 2 5.13575
1971 -78.3656 1 4 63.5585
2132 -77.1948 1 1 3.81565
711 -77.4336 1 2 68.8108
1649 -76.1943 3 2 4.41189
1810 -76.4505 2 2 5.22012
1971 -78.3656 1 4 67.2312
2132 -77.1948 1 1 3.74916
711 -77.4336 1 2 67.4251
1649 -76.1943 3 2 4.33441
1810 -76.4505 2 2 5.11401
1971 -78.3656 1 4 66.211
2132 -77.1948 1 1 3.69988
711 -77.4336 1 2 68.4452
1649 -76.1943 2 2 4.42012
1810 -76.4505 2 2 5.12973
1971 -78.3656 0 4 65.6198
2132 -77.1948 1 1 3.79218
711 -77.4336 1 2 74.9483
1649 -76.1943 3 2 4.28418
1810 -76.4505 2 2 5.01038
1971 -78.3656 1 4 64.0893
2132 -77.1948 1 1 3.72104
711 -77.4336 1 2 74.624
1649 -76.1943 3 2 4.45687
1810 -76.4505 2 2 4.9976
1971 -78.3656 1 4 64.7185
2132 -77.1948 1 1 3.79654
711 -77.4336 1 2 73.1642
1649 -76.1943 3 2 4.35856
1810 -76.4505 2 2 4.86854
1971 -78.3656 1 4 63.789
2132 -77.1948 1 1 3.74257
711 -77.4336 1 2 73.4001
1649 -76.1943 3 2 4.3953
1810 -76.4505 2 2 4.86977
1971 -78.3656 1 4 67.5987
2132 -77.1948 1 1 3.65165
711 -77.4336 1 2 72.0185
1649 -76.1943 3 2 4.2956
1810 -76.4505 2 2 4.75567
1971 -78.3656 1 4 66.5889
2132 -77.1948 1 1 3.61322
711 -77.4336 1 2 73.8971
1649 -76.1943 3 2 4.32265
1810 -76.4505 2 2 5.3732
1971 -78.3656 1 4 67.1107
2132 -77.1948 1 1 3.53006
711 -77.4336 1 2 73.0183
1649 -76.1943 3 2 4.27005
1810 -76.4505 2 2 5.26992
1971 -78.3656 1 4 66.2985
2132 -77.1948 1 1 3.48213
711 -77.4336 1 2 71.6604
1649 -76.1943 3 2 4.51371
1810 -76.4505 2 2 5.27303
1971 -78.3656 1 4 65.0979
2132 -77.1948 1 1 3.41508
711 -77.4336 1 2 70.3694
1649 -76.1943 3 2 4.42283
1810 -76.4505 2 2 5.1374
1971 -78.3656 1 4 63.9423
2132 -77.1948 1 1 3.33826
711 -77.4336 1 2 73.0905
1649 -76.1943 3 2 4.3493
1810 -76.4505 2 2 5.17401
1971 -78.3656 1 4 63.9397
2132 -77.1948 1 1 3.7267
711 -77.4336 1 2 72.553
1649 -76.1943 3 2 4.29365
1810 -76.4505 2 2 5.05415
1971 -78.3656 1 4 62.6743
2132 -77.1948 1 1 3.63904
711 -77.4336 1 2 73.6963
1649 -76.1943 3 2 4.46829
1810 -76.4505 2 2 5.25211
1971 -78.3656 1 4 63.7489
2132 -77.1948 1 1 3.77561
711 -77.4336 1 2 72.4914
1649 -76.1943 3 2 4.38958
1810 -76.4505 2 2 5.18112
1971 -78.3656 1 4 62.8405
2132 -77.1948 1 1 3.73112
711 -77.4336 1 2 72.4873
1649 -76.1943 3 2 4.83923
1810 -76.4505 2 2 5.12252
1971 -78.3656 1 4 62.5012
2132 -77.1948 1 1 3.78139
711 -77.4336 1 2 71.154
1649 -76.1943 3 2 4.74006
1810 -76.4505 2 2 5.05165
1971 -78.3656 1 4 62.0687
2132 -77.1948 1 1 3.71889
711 -77.4336 1 2 72.756
1649 -76.1943 3 2 4.74367
1810 -76.4505 2 2 5.08021
1971 -78.3656 1 4 62.4351
2132 -77.1948 1 1 3.68092
711 -77.4336 1 2 73.3541
1649 -76.1943 3 2 4.69899
1810 -76.4505 2 2 5.01139
1971 -78.3656 1 4 61.4358
2132 -77.1948 1 1 3.67614
711 -77.4336 1 2 75.7215
1649 -76.1943 2 2 4.83585
1810 -76.4505 2 2 5.01965
1971 -78.3656 0 4 62.7232
2132 -77.1948 1 1 3.70648
711 -77.4336 1 2 76.7712
1649 -76.1943 3 2 4.77238
1810 -76.4505 2 2 4.98573
1971 -78.3656 1 4 61.8248
2132 -77.1948 1 1 3.6709
711 -77.4336 1 2 76.4952
1649 -76.1943 3 2 4.79748
1810 -76.4505 2 2 4.86428
1971 -78.3656 1 4 64.5387
2132 -77.1948 1 1 3.76582
711 -77.4336 1 2 74.9175
1649 -76.1943 3 2 4.76385
1810 -76.4505 2 2 4.81821
1971 -78.3656 1 4 63.8822
2132 -77.1948 1 1 3.70804
711 -77.4336 1 2 74.9805
1649 -76.1943 3 2 4.84499
1810 -76.4505 2 2 4.76815
1971 -78.3656 1 4 63.2194
2132 -77.1948 1 1 4.05133
711 -77.4336 1 2 73.5935
1649 -76.1943 3 2 4.78324
1810 -76.4505 2 2 4.7326
1971 -78.3656 1 4 62.3677
2132 -77.1948 1 1 4.02539
711 -77.4336 1 2 73.0172
1649 -76.1943 3 2 4.81418
1810 -76.4505 2 2 4.69473
1971 -78.3656 1 4 62.291
2132 -77.1948 1 1 4.03895
711 -77.4336 1 2 72.0725
1649 -76.1943 3 2 4.77695
1810 -76.4505 2 2 4.63108
1971 -78.3656 1 4 61.4707
2132 -77.1948 1 1 3.99193
711 -77.4336 1 2 76.2837
1649 -76.1943 3 2 4.81845
1810 -76.4505 1 2 4.84797
1971 -78.3656 1 4 60.6323
2132 -77.1948 1 1 3.98516
711 -77.4336 1 2 78.1347
1649 -76.1943 3 2 4.752
1810 -76.4505 2 2 4.75264
1971 -78.3656 1 4 60.2053
2132 -77.1948 1 1 3.92654
711 -77.4336 1 2 79.3779
1649 -76.1943 3 2 4.75582
1810 -76.4505 2 2 4.7038
1971 -78.3656 1 4 60.9986
2132 -77.1948 1 1 3.88971
711 -77.4336 1 2 79.913
1649 -76.1943 3 2 4.69985
1810 -76.4505 2 2 4.64116
1971 -78.3656 1 4 60.1562
2132 -77.1948 1 1 3.81878
711 -77.4336 1 2 78.6528
1649 -76.1943 3 2 5.0194
1810 -76.4505 2 2 5.03691
1971 -78.3656 1 4 60.6316
2132 -77.1948 1 1 3.97636
711 -77.4336 1 2 78.3136
1649 -76.1943 3 2 4.95042
1810 -76.4505 2 2 4.94556
1971 -78.3656 1 4 59.8047
2132 -77.1948 1 1 3.92163
711 -77.4336 1 2 77.9871
1649 -76.1943 3 2 4.92606
1810 -76.4505 2 2 5.19974
1971 -78.3656 1 4 59.4308
2132 -77.1948 1 1 3.87005
711 -77.4336 1 2 77.0061
1649 -76.1943 3 2 4.85972
1810 -76.4505 2 2 5.1553
1971 -78.3656 1 4 58.8813
2132 -77.1948 1 1 3.8363
711 -77.4336 1 2 77.3101
1649 -76.1943 3 2 4.86262
1810 -76.4505 2 2 5.35187
1971 -78.3656 1 4 58.9921
2132 -77.1948 1 1 3.81218
711 -77.4336 1 2 76.4611
1649 -76.1943 3 2 4.82298
1810 -76.4505 2 2 5.27483
1971 -78.3656 1 4 58.4602
2132 -77.1948 1 1 3.75703
711 -77.4336 1 2 76.0273
1649 -76.1943 3 2 4.80589
1810 -76.4505 2 2 5.2318
1971 -78.3656 1 4 58.735
2132 -77.1948 1 1 3.95973
711 -77.4336 1 2 74.6548
1649 -76.1943 3 2 4.75846
1810 -76.4505 2 2 5.16647
1971 -78.3656 1 4 58.294
2132 -77.1948 1 1 3.90794
711 -77.4336 1 2 75.3463
1649 -76.1943 3 2 4.78112
1810 -76.4505 2 2 5.23451
1971 -78.3656 1 4 58.8404
2132 -77.1948 1 1 3.85326
711 -77.4336 1 2 74.4832
1649 -76.1943 3 2 4.72835
1810 -76.4505 2 2 5.16364
1971 -78.3656 1 4 58.3468
2132 -77.1948 1 1 3.81349
711 -77.4336 1 2 73.9478
1649 -76.1943 3 2 4.97872
1810 -76.4505 2 2 5.56463
1971 -78.3656 1 4 60.3988
2132 -77.1948 1 1 3.82629
711 -77.4336 1 2 73.1138
1649 -76.1943 3 2 4.92671
1810 -76.4505 2 2 5.52146
1971 -78.3656 1 4 59.7097
2132 -77.1948 1 1 3.7838
711 -77.4336 1 2 73.3836
1649 -76.1943 3 2 5.01706
1810 -76.4505 2 2 5.84093
1971 -78.3656 1 4 61.766
2132 -77.1948 1 1 3.74488
711 -77.4336 1 2 74.8743
1649 -76.1943 3 2 4.95674
1810 -76.4505 2 2 5.76357
1971 -78.3656 1 4 61.1901
2132 -77.1948 1 1 3.71492
711 -77.4336 1 2 74.0064
1649 -76.1943 3 2 4.97813
1810 -76.4505 2 2 5.79755
1971 -78.3656 1 4 60.8213
2132 -77.1948 1 1 3.89444
711 -77.4336 1 2 73.2642
1649 -76.1943 3 2 4.90729
1810 -76.4505 2 2 5.75886
1971 -78.3656 1 4 60.382
2132 -77.1948 1 1 3.84779
711 -77.4336 1 2 73.7828
1649 -76.1943 3 2 4.90278
1810 -76.4505 2 2 5.73572
1971 -78.3656 1 4 61.3625
2132 -77.1948 1 1 3.80437
711 -77.4336 1 2 76.506
1649 -76.1943 2 2 4.83452
1810 -76.4505 1 2 5.68907
1971 -78.3656 0 4 64.0003
2132 -77.1948 1 1 3.76115
711 -77.4336 1 2 76.524
1649 -76.1943 3 2 4.80527
1810 -76.4505 2 2 5.61509
1971 -78.3656 1 4 67.5206
2132 -77.1948 1 1 3.73241
711 -77.4336 1 2 75.9491
1649 -76.1943 3 2 4.77284
1810 -76.4505 2 2 5.56132
1971 -78.3656 1 4 67.4217
2132 -77.1948 1 1 3.68176
711 -77.4336 1 2 77.5634
1649 -76.1943 3 2 4.8297
1810 -76.4505 2 2 5.51912
1971 -78.3656 1 4 67.182
2132 -77.1948 1 1 3.66868
711 -77.4336 1 2 78.3002
1649 -76.1943 3 2 4.76903
1810 -76.4505 2 2 5.46331
1971 -78.3656 1 4 66.2776
2132 -77.1948 1 1 3.63619
711 -77.4336 1 2 78.0146
1649 -76.1943 3 2 5.13016
1810 -76.4505 2 2 5.46368
1971 -78.3656 1 4 67.0312
2132 -77.1948 1 1 3.67491
711 -77.4336 1 2 77.258
1649 -76.1943 3 2 5.10296
1810 -76.4505 2 2 5.39904
1971 -78.3656 1 4 66.5846
2132 -77.1948 1 1 3.64964
711 -77.4336 1 2 78.1783
1649 -76.1943 3 2 5.26578
1810 -76.4505 2 2 5.34737
1971 -78.3656 1 4 66.7952
2132 -77.1948 1 1 3.60997
711 -77.4336 1 2 77.269
1649 -76.1943 3 2 5.21293
1810 -76.4505 2 2 5.29044
1971 -78.3656 1 4 66.0979
2132 -77.1948 1 1 3.57266
711 -77.4336 1 2 77.3703
1649 -76.1943 3 2 5.22419
1810 -76.4505 2 2 5.2671
1971 -78.3656 1 4 65.8927
2132 -77.1948 1 1 3.55914
711 -77.4336 1 2 76.7688
1649 -76.1943 3 2 5.17991
1810 -76.4505 2 2 5.22848
1971 -78.3656 1 4 65.3741
2132 -77.1948 1 1 3.53301
711 -77.4336 1 2 76.2065
1649 -76.1943 3 2 5.28315
1810 -76.4505 2 2 5.26732
1971 -78.3656 1 4 66.5772
2132 -77.1948 1 1 3.69687
711 -77.4336 1 2 75.3523
1649 -76.1943 3 2 5.22301
1810 -76.4505 2 2 5.21037
1971 -78.3656 1 4 66.066
2132 -77.1948 1 1 3.67847
711 -77.4336 1 2 77.3725
1649 -76.1943 3 2 5.25071
1810 -76.4505 2 2 5.37291
1971 -78.3656 1 4 65.859
2132 -77.1948 1 1 3.7369
711 -77.4336 1 2 76.7485
1649 -76.1943 3 2 5.19007
1810 -76.4505 2 2 5.32485
1971 -78.3656 1 4 65.0073
2132 -77.1948 1 1 3.69417
711 -77.4336 1 2 76.5145
1649 -76.1943 3 2 5.1534
1810 -76.4505 2 2 5.31323
1971 -78.3656 1 4 64.9893
2132 -77.1948 1 1 3.67956
711 -77.4336 1 2 75.8753
1649 -76.1943 3 2 5.12156
1810 -76.4505 2 2 5.26998
1971 -78.3656 1 4 64.5129
2132 -77.1948 1 1 3.65348
711 -77.4336 1 2 75.9655
1649 -76.1943 3 2 5.13755
1810 -76.4505 2 2 5.23135
1971 -78.3656 1 4 64.8134
2132 -77.1948 1 1 3.67613
711 -77.4336 1 2 75.0744
1649 -76.1943 3 2 5.09803
1810 -76.4505 2 2 5.19719
1971 -78.3656 1 4 64.1702
2132 -77.1948 1 1 3.62601
711 -77.4336 1 2 74.8899
1649 -76.1943 1 2 5.06972
1810 -76.4505 2 2 5.29333
1971 -78.3656 0 4 66.9723
2132 -77.1948 1 1 3.60016
711 -77.4336 1 2 74.0485
1649 -76.1943 3 2 5.03347
1810 -76.4505 2 2 5.25909
1971 -78.3656 1 4 68.1081
2132 -77.1948 1 1 3.56458
711 -77.4336 1 2 73.7788
1649 -76.1943 3 2 5.01204
1810 -76.4505 2 2 5.27097
1971 -78.3656 1 4 69.4577
2132 -77.1948 1 1 3.62648
711 -77.4336 1 2 73.257
1649 -76.1943 3 2 4.96379
1810 -76.4505 2 2 5.22921
1971 -78.3656 1 4 68.8441
2132 -77.1948 1 1 3.58936
711 -77.4336 1 2 72.784
1649 -76.1943 3 2 4.95093
1810 -76.4505 2 2 5.179
1971 -78.3656 1 4 69.7565
2132 -77.1948 1 1 3.64866
711 -77.4336 1 2 72.1021
1649 -76.1943 3 2 4.91727
1810 -76.4505 2 2 5.13826
1971 -78.3656 1 4 69.1251
2132 -77.1948 1 1 3.61973
711 -77.4336 1 2 71.4899
1649 -76.1943 3 2 5.05987
1810 -76.4505 2 2 5.21076
1971 -78.3656 1 4 69.697
2132 -77.1948 1 1 3.60734
711 -77.4336 1 2 70.8955
1649 -76.1943 3 2 5.00943
1810 -76.4505 2 2 5.18556
1971 -78.3656 1 4 69.0664
2132 -77.1948 1 1 3.57226
711 -77.4336 1 2 71.7781
1649 -76.1943 3 2 5.08026
1810 -76.4505 2 2 5.27956
1971 -78.3656 1 4 68.6605
2132 -77.1948 1 1 3.58556
711 -77.4336 1 2 71.0895
1649 -76.1943 3 2 5.02552
1810 -76.4505 2 2 5.22566
1971 -78.3656 1 4 67.9061
2132 -77.1948 1 1 3.5666
711 -77.4336 1 2 71.2134
1649 -76.1943 3 2 5.00458
1810 -76.4505 2 2 5.222
1971 -78.3656 1 4 68.7484
2132 -77.1948 1 1 3.5298
711 -77.4336 1 2 70.44
1649 -76.1943 3 2 4.94701
1810 -76.4505 2 2 5.18714
1971 -78.3656 1 4 68.1892
2132 -77.1948 1 1 3.50885
711 -77.4336 1 2 70.8469
1649 -76.1943 3 2 4.94993
1810 -76.4505 2 2 5.18629
1971 -78.3656 1 4 70.1635
2132 -77.1948 1 1 3.51138
711 -77.4336 1 2 70.2268
1649 -76.1943 3 2 4.91342
1810 -76.4505 2 2 5.14224
1971 -78.3656 1 4 70.2316
2132 -77.1948 1 1 3.4861
711 -77.4336 1 2 70.343
1649 -76.1943 3 2 4.93055
1810 -76.4505 2 2 5.10821
1971 -78.3656 1 4 71.501
2132 -77.1948 1 1 3.55471
711 -77.4336 1 2 70.0963
1649 -76.1943 3 2 4.91373
1810 -76.4505 2 2 5.06628
1971 -78.3656 1 4 70.966
2132 -77.1948 1 1 3.54178
711 -77.4336 1 2 70.7777
1649 -76.1943 2 2 4.86037
1810 -76.4505 2 2 5.07128
1971 -78.3656 1 4 71.0282
2132 -77.1948 1 1 3.57516
711 -77.4336 1 2 72.8556
1649 -76.1943 3 2 4.82483
1810 -76.4505 2 2 5.03087
1971 -78.3656 1 4 70.6241
2132 -77.1948 1 1 3.55588
711 -77.4336 1 2 73.536
1649 -76.1943 3 2 4.78496
1810 -76.4505 2 2 4.99485
1971 -78.3656 1 4 70.6371
2132 -77.1948 1 1 3.61288
711 -77.4336 1 2 75.2604
1649 -76.1943 3 2 4.76167
1810 -76.4505 2 2 4.96562
1971 -78.3656 1 4 72.4467
2132 -77.1948 1 1 3.57093
711 -77.4336 1 2 74.9054
1649 -76.1943 3 2 4.73907
1810 -76.4505 2 2 4.93703
1971 -78.3656 1 4 72.2887
2132 -77.1948 1 1 3.6191
711 -77.4336 1 2 74.5408
1649 -76.1943 3 2 4.71407
1810 -76.4505 2 2 4.91161
1971 -78.3656 1 4 71.8112
2132 -77.1948 1 1 3.59538
711 -77.4336 1 2 75.1132
1649 -76.1943 2 2 4.85527
1810 -76.4505 2 2 4.90469
1971 -78.3656 0 4 71.8752
2132 -77.1948 1 1 3.69775
711 -77.4336 1 2 75.8824
1649 -76.1943 3 2 4.81009
1810 -76.4505 2 2 4.87324
1971 -78.3656 1 4 71.8234
2132 -77.1948 1 1 3.67904
711 -77.4336 0 2 76.7734
1649 -76.1943 2 2 4.77525
1810 -76.4505 1 2 5.00993
1971 -78.3656 1 4 71.6465
2132 -77.1948 0 1 3.92302
711 -77.4336 1 2 76.0145
1649 -76.1943 3 2 4.74361
1810 -76.4505 2 2 4.98312
1971 -78.3656 1 4 73.2087
2132 -77.1948 1 1 3.90664
711 -77.4336 1 2 75.6917
1649 -76.1943 3 2 4.94563
1810 -76.4505 2 2 4.93634
1971 -78.3656 1 4 72.6635
2132 -77.1948 1 1 3.88639
711 -77.4336 1 2 75.3105
1649 -76.1943 3 2 4.90909
1810 -76.4505 2 2 4.90138
1971 -78.3656 1 4 72.0609
2132 -77.1948 1 1 3.86542
711 -77.4336 1 2 75.1127
1649 -76.1943 3 2 4.96507
1810 -76.4505 2 2 5.08505
1971 -78.3656 1 4 72.6518
2132 -77.1948 1 1 3.99557
711 -77.4336 1 2 74.3067
1649 -76.1943 3 2 4.92651
1810 -76.4505 2 2 5.05727
1971 -78.3656 1 4 72.2452
2132 -77.1948 1 1 3.96008
711 -77.4336 1 2 74.631
1649 -76.1943 3 2 4.99648
1810 -76.4505 2 2 5.02328
1971 -78.3656 1 4 72.4317
2132 -77.1948 1 1 4.03833
711 -77.4336 1 2 74.1566
1649 -76.1943 3 2 4.94636
1810 -76.4505 2 2 4.9903
1971 -78.3656 1 4 72.9849
2132 -77.1948 1 1 4.01181
711 -77.4336 1 2 74.5465
1649 -76.1943 3 2 4.98998
1810 -76.4505 2 2 5.0102
1971 -78.3656 1 4 73.8016
2132 -77.1948 1 1 3.98202
711 -77.4336 1 2 74.0215
1649 -76.1943 3 2 4.96015
1810 -76.4505 2 2 4.98184
1971 -78.3656 1 4 73.9189
2132 -77.1948 1 1 3.96011
711 -77.4336 1 2 74.8406
1649 -76.1943 3 2 4.99254
1810 -76.4505 2 2 5.02477
1971 -78.3656 1 4 73.4424
2132 -77.1948 1 1 3.94316
711 -77.4336 1 2 74.804
1649 -76.1943 3 2 4.95116
1810 -76.4505 2 2 5.01226
1971 -78.3656 1 4 73.246
2132 -77.1948 1 1 3.90248
711 -77.4336 0 2 74.3606
1649 -76.1943 2 2 4.93722
1810 -76.4505 1 2 4.95824
1971 -78.3656 1 4 73.6772
2132 -77.1948 0 1 3.87643
711 -77.4336 1 2 73.9411
1649 -76.1943 3 2 4.89391
1810 -76.4505 2 2 4.92496
1971 -78.3656 1 4 75.7516
2132 -77.1948 1 1 3.85962
711 -77.4336 1 2 73.4619
1649 -76.1943 3 2 4.9508
1810 -76.4505 2 2 4.93198
1971 -78.3656 1 4 75.3458
2132 -77.1948 1 1 3.88835
711 -77.4336 1 2 73.1758
1649 -76.1943 3 2 4.91616
1810 -76.4505 2 2 4.90513
1971 -78.3656 1 4 74.9981
2132 -77.1948 1 1 3.86061
711 -77.4336 1 2 73.0743
1649 -76.1943 3 2 4.87792
1810 -76.4505 2 2 4.88175
1971 -78.3656 1 4 75.888
2132 -77.1948 1 1 3.85632
711 -77.4336 1 2 72.7675
1649 -76.1943 3 2 4.85049
1810 -76.4505 2 2 4.83397
1971 -78.3656 1 4 75.4941
2132 -77.1948 1 1 3.81836
711 -77.4336 1 2 72.7224
1649 -76.1943 3 2 4.85147
1810 -76.4505 2 2 4.90513
1971 -78.3656 1 4 76.1427
2132 -77.1948 1 1 3.8163
711 -77.4336 1 2 72.1357
1649 -76.1943 3 2 4.82979
1810 -76.4505 2 2 4.86745
1971 -78.3656 1 4 75.5823
2132 -77.1948 1 1 3.78816
711 -77.4336 1 2 72.4609
1649 -76.1943 3 2 4.8935
1810 -76.4505 2 2 4.86631
1971 -78.3656 1 4 76.0941
2132 -77.1948 1 1 3.77175
711 -77.4336 1 2 72.1707
1649 -76.1943 3 2 4.86297
1810 -76.4505 2 2 4.83755
1971 -78.3656 1 4 75.9343
2132 -77.1948 1 1 3.74817
711 -77.4336 1 2 72.6931
1649 -76.1943 3 2 4.84249
1810 -76.4505 2 2 4.86746
1971 -78.3656 1 4 76.4414
2132 -77.1948 1 1 3.71766
711 -77.4336 1 2 72.3675
1649 -76.1943 3 2 4.81823
1810 -76.4505 2 2 4.82498
1971 -78.3656 1 4 76.0472
2132 -77.1948 1 1 3.70348
711 -77.4336 1 2 72.3251
1649 -76.1943 3 2 4.79975
1810 -76.4505 2 2 4.79981
1971 -78.3656 1 4 78.0448
2132 -77.1948 1 1 3.70706
711 -77.4336 1 2 71.7447
1649 -76.1943 3 2 4.7674
1810 -76.4505 2 2 4.76551
1971 -78.3656 1 4 77.7585
2132 -77.1948 1 1 3.68185
711 -77.4336 1 2 73.2541
1649 -76.1943 2 2 4.7553
1810 -76.4505 1 2 4.8301
1971 -78.3656 0 4 77.8001
2132 -77.1948 1 1 3.65985
711 -77.4336 1 2 73.4234
1649 -76.1943 3 2 4.73694
1810 -76.4505 2 2 4.79667
1971 -78.3656 1 4 77.4168
2132 -77.1948 1 1 3.6417
711 -77.4336 1 2 73.3655
1649 -76.1943 3 2 4.96569
1810 -76.4505 2 2 4.78597
1971 -78.3656 1 4 77.1129
2132 -77.1948 1 1 3.69361
711 -77.4336 1 2 72.6872
1649 -76.1943 3 2 4.93988
1810 -76.4505 2 2 4.75979
1971 -78.3656 1 4 76.8408
2132 -77.1948 1 1 3.67736
711 -77.4336 1 2 72.7095
1649 -76.1943 3 2 4.92231
1810 -76.4505 2 2 4.7385
1971 -78.3656 1 4 76.6044
2132 -77.1948 1 1 3.6634
711 -77.4336 1 2 72.2518
1649 -76.1943 3 2 4.87389
1810 -76.4505 2 2 4.70304
1971 -78.3656 1 4 76.3022
2132 -77.1948 1 1 3.6448
711 -77.4336 1 2 71.868
1649 -76.1943 3 2 4.91952
1810 -76.4505 2 2 4.71296
1971 -78.3656 1 4 76.3218
2132 -77.1948 1 1 3.66493
711 -77.4336 1 2 71.5629
1649 -76.1943 3 2 4.89152
1810 -76.4505 2 2 4.68053
1971 -78.3656 1 4 76.0743
2132 -77.1948 1 1 3.64278
711 -77.4336 1 2 71.2521
1649 -76.1943 3 2 4.86528
1810 -76.4505 2 2 4.71703
1971 -78.3656 1 4 76.5777
2132 -77.1948 1 1 3.67295
711 -77.4336 1 2 70.7854
1649 -76.1943 3 2 4.83866
1810 -76.4505 2 2 4.67963
1971 -78.3656 1 4 76.2804
2132 -77.1948 1 1 3.65064
711 -77.4336 1 2 70.778
1649 -76.1943 3 2 4.92724
1810 -76.4505 2 2 4.66266
1971 -78.3656 1 4 76.5469
2132 -77.1948 1 1 3.63779
711 -77.4336 1 2 70.518
1649 -76.1943 3 2 4.8932
1810 -76.4505 2 2 4.62846
1971 -78.3656 1 4 76.0689
2132 -77.1948 1 1 3.61686
711 -77.4336 1 2 70.5458
1649 -76.1943 3 2 4.91701
1810 -76.4505 2 2 4.63227
1971 -78.3656 1 4 77.2086
2132 -77.1948 1 1 3.5964
711 -77.4336 1 2 70.0312
1649 -76.1943 3 2 4.8817
1810 -76.4505 2 2 4.59464
1971 -78.3656 1 4 76.7719
2132 -77.1948 1 1 3.58003
711 -77.4336 1 2 70.0704
1649 -76.1943 3 2 4.89408
1810 -76.4505 1 2 4.58121
1971 -78.3656 1 4 77.3327
2132 -77.1948 1 1 3.55735
711 -77.4336 1 2 73.339
1649 -76.1943 3 2 4.86369
1810 -76.4505 2 2 4.5597
1971 -78.3656 1 4 76.7131
2132 -77.1948 1 1 3.53693
711 -77.4336 1 2 73.4893
1649 -76.1943 3 2 4.85605
1810 -76.4505 2 2 4.61325
1971 -78.3656 1 4 76.8801
2132 -77.1948 1 1 3.58326
711 -77.4336 1 2 73.7729
1649 -76.1943 3 2 4.84052
1810 -76.4505 2 2 4.59258
1971 -78.3656 1 4 76.5418
2132 -77.1948 1 1 3.56916
711 -77.4336 0 2 73.7946
1649 -76.1943 2 2 4.85957
1810 -76.4505 1 2 4.64232
1971 -78.3656 0 4 77.9286
2132 -77.1948 0 1 3.58319
711 -77.4336 1 2 73.479
1649 -76.1943 3 2 4.84226
1810 -76.4505 2 2 4.62585
1971 -78.3656 1 4 78.4204
2132 -77.1948 1 1 3.56357
711 -77.4336 1 2 73.3902
1649 -76.1943 3 2 4.83675
1810 -76.4505 2 2 4.60724
1971 -78.3656 1 4 79.5572
2132 -77.1948 1 1 3.53616
711 -77.4336 1 2 72.9975
1649 -76.1943 3 2 4.80112
1810 -76.4505 2 2 4.58076
1971 -78.3656 1 4 79.1262
2132 -77.1948 1 1 3.51639
711 -77.4336 1 2 72.7944
1649 -76.1943 3 2 4.85533
1810 -76.4505 2 2 4.58139
1971 -78.3656 1 4 79.5539
2132 -77.1948 1 1 3.50512
711 -77.4336 1 2 72.3165
1649 -76.1943 3 2 4.82128
1810 -76.4505 2 2 4.55916
1971 -78.3656 1 4 79.8457
2132 -77.1948 1 1 3.48539
711 -77.4336 1 2 72.7263
1649 -76.1943 3 2 4.81481
1810 -76.4505 2 2 4.53986
1971 -78.3656 1 4 80.4637
2132 -77.1948 1 1 3.48789
711 -77.4336 1 2 72.2724
1649 -76.1943 3 2 4.79096
1810 -76.4505 2 2 4.51678
1971 -78.3656 1 4 79.986
2132 -77.1948 1 1 3.47953
711 -77.4336 1 2 73.1867
1649 -76.1943 3 2 4.83943
1810 -76.4505 2 2 4.49401
1971 -78.3656 1 4 80.2506
2132 -77.1948 1 1 3.4513
711 -77.4336 1 2 72.8863
1649 -76.1943 3 2 4.82457
1810 -76.4505 2 2 4.47608
1971 -78.3656 1 4 79.7997
2132 -77.1948 1 1 3.43301
711 -77.4336 1 2 72.7824
1649 -76.1943 3 2 4.84513
1810 -76.4505 2 2 4.47821
1971 -78.3656 1 4 79.5573
2132 -77.1948 1 1 3.46935
711 -77.4336 1 2 72.3619
1649 -76.1943 3 2 4.81348
1810 -76.4505 2 2 4.44644
1971 -78.3656 1 4 79.2046
2132 -77.1948 1 1 3.45052
711 -77.4336 1 2 72.6354
1649 -76.1943 3 2 4.82698
1810 -76.4505 2 2 4.54814
1971 -78.3656 1 4 79.4151
2132 -77.1948 1 1 3.4875
711 -77.4336 1 2 72.4623
1649 -76.1943 3 2 4.79496
1810 -76.4505 2 2 4.52303
1971 -78.3656 1 4 79.334
2132 -77.1948 1 1 3.46611
711 -77.4336 1 2 72.3521
1649 -76.1943 3 2 4.83182
1810 -76.4505 2 2 4.4944
1971 -78.3656 1 4 79.0424
2132 -77.1948 1 1 3.46144
711 -77.4336 1 2 71.9581
1649 -76.1943 3 2 4.81247
1810 -76.4505 2 2 4.4788
1971 -78.3656 1 4 78.5802
2132 -77.1948 1 1 3.44602
711 -77.4336 1 2 71.6584
1649 -76.1943 3 2 5.03849
1810 -76.4505 2 2 4.50833
1971 -78.3656 1 4 78.6867
2132 -77.1948 1 1 3.51624
711 -77.4336 1 2 71.2363
1649 -76.1943 3 2 5.00845
1810 -76.4505 2 2 4.47508
1971 -78.3656 1 4 78.246
2132 -77.1948 1 1 3.49635
711 -77.4336 1 2 71.9985
1649 -76.1943 3 2 4.99177
1810 -76.4505 2 2 4.49058
1971 -78.3656 1 4 77.8513
2132 -77.1948 1 1 3.55499
711 -77.4336 1 2 71.7311
1649 -76.1943 3 2 4.95742
1810 -76.4505 2 2 4.46832
1971 -78.3656 1 4 77.5921
2132 -77.1948 1 1 3.5425
711 -77.4336 1 2 72.1915
1649 -76.1943 3 2 4.93643
1810 -76.4505 2 2 4.45274
1971 -78.3656 1 4 77.3509
2132 -77.1948 1 1 3.75409
711 -77.4336 1 2 71.8431
1649 -76.1943 3 2 4.91733
1810 -76.4505 2 2 4.42865
1971 -78.3656 1 4 76.869
2132 -77.1948 1 1 3.73451
711 -77.4336 1 2 71.69
1649 -76.1943 3 2 4.91306
1810 -76.4505 2 2 4.46093
1971 -78.3656 1 4 77.9063
2132 -77.1948 1 1 3.77522
711 -77.4336 1 2 71.2586
1649 -76.1943 3 2 4.89577
1810 -76.4505 2 2 4.43945
1971 -78.3656 1 4 77.4529
2132 -77.1948 1 1 3.7627
711 -77.4336 1 2 71.3375
1649 -76.1943 3 2 4.87324
1810 -76.4505 2 2 4.40966
1971 -78.3656 1 4 77.4378
2132 -77.1948 1 1 3.76184
711 -77.4336 1 2 71.1055
1649 -76.1943 3 2 4.84378
1810 -76.4505 2 2 4.39012
1971 -78.3656 1 4 77.0225
2132 -77.1948 1 1 3.75199
711 -77.4336 1 2 71.1547
1649 -76.1943 3 2 4.86434
1810 -76.4505 2 2 4.38618
1971 -78.3656 1 4 77.2439
2132 -77.1948 1 1 3.74297
711 -77.4336 1 2 71.4975
1649 -76.1943 3 2 4.85013
1810 -76.4505 2 2 4.35927
1971 -78.3656 1 4 76.8726
2132 -77.1948 1 1 3.72878
711 -77.4336 1 2 72.6153
1649 -76.1943 3 2 4.91124
1810 -76.4505 2 2 4.33661
1971 -78.3656 1 4 76.6665
2132 -77.1948 1 1 3.74338
711 -77.4336 1 2 72.3121
1649 -76.1943 3 2 4.89534
1810 -76.4505 2 2 4.31537
1971 -78.3656 1 4 76.2348
2132 -77.1948 1 1 3.72192
711 -77.4336 1 2 72.1995
1649 -76.1943 3 2 4.87162
1810 -76.4505 2 2 4.31309
1971 -78.3656 1 4 76.917
2132 -77.1948 1 1 3.70162
711 -77.4336 1 2 71.9817
1649 -76.1943 3 2 4.84828
1810 -76.4505 2 2 4.28666
1971 -78.3656 1 4 76.444
2132 -77.1948 1 1 3.68698
711 -77.4336 1 2 72.0424
1649 -76.1943 3 2 4.83234
1810 -76.4505 2 2 4.27368
1971 -78.3656 1 4 76.2655
2132 -77.1948 1 1 3.68092
711 -77.4336 1 2 71.563
1649 -76.1943 3 2 4.81393
1810 -76.4505 2 2 4.25165
1971 -78.3656 1 4 76.0155
2132 -77.1948 1 1 3.66626
711 -77.4336 1 2 72.1307
1649 -76.1943 3 2 4.89249
1810 -76.4505 2 2 4.23342
1971 -78.3656 1 4 75.7058
2132 -77.1948 1 1 3.78966
711 -77.4336 1 2 71.6409
1649 -76.1943 3 2 4.86013
1810 -76.4505 2 2 4.21105
1971 -78.3656 1 4 75.3056
2132 -77.1948 1 1 3.76528
711 -77.4336 1 2 71.5396
1649 -76.1943 3 2 4.85705
1810 -76.4505 2 2 4.22553
1971 -78.3656 1 4 76.478
2132 -77.1948 1 1 3.87789
711 -77.4336 1 2 71.1275
1649 -76.1943 3 2 4.83531
1810 -76.4505 2 2 4.20539
1971 -78.3656 1 4 76.1429
2132 -77.1948 1 1 3.85954
711 -77.4336 1 2 71.0808
1649 -76.1943 3 2 4.84049
1810 -76.4505 2 2 4.19783
1971 -78.3656 1 4 76.6227
2132 -77.1948 1 1 3.83777
711 -77.4336 1 2 70.829
1649 -76.1943 3 2 4.81606
1810 -76.4505 2 2 4.1809
1971 -78.3656 1 4 76.1986
2132 -77.1948 1 1 3.83229
711 -77.4336 1 2 71.1205
1649 -76.1943 3 2 4.90827
1810 -76.4505 2 2 4.23107
1971 -78.3656 1 4 76.4817
2132 -77.1948 1 1 3.83729
711 -77.4336 1 2 70.9114
1649 -76.1943 3 2 4.89144
1810 -76.4505 2 2 4.21065
1971 -78.3656 1 4 78.4523
2132 -77.1948 1 1 3.82948
711 -77.4336 1 2 71.9477
1649 -76.1943 2 2 4.89586
1810 -76.4505 2 2 4.19522
1971 -78.3656 1 4 78.9746
2132 -77.1948 1 1 3.88647
711 -77.4336 1 2 71.9912
1649 -76.1943 3 2 4.87401
1810 -76.4505 2 2 4.17996
1971 -78.3656 1 4 79.4426
2132 -77.1948 1 1 3.86896
711 -77.4336 1 2 71.5912
1649 -76.1943 3 2 4.85363
1810 -76.4505 2 2 4.21817
1971 -78.3656 1 4 80.4864
2132 -77.1948 1 1 3.85893
711 -77.4336 1 2 71.3591
1649 -76.1943 3 2 4.8327
1810 -76.4505 2 2 4.20079
1971 -78.3656 1 4 80.6451
2132 -77.1948 1 1 3.84675
711 -77.4336 1 2 71.8502
1649 -76.1943 3 2 4.84137
1810 -76.4505 2 2 4.21015
1971 -78.3656 1 4 80.4023
2132 -77.1948 1 1 3.82731
711 -77.4336 1 2 71.5357
1649 -76.1943 3 2 4.81923
1810 -76.4505 2 2 4.19603
1971 -78.3656 1 4 80.0416
2132 -77.1948 1 1 3.81649
711 -77.4336 1 2 71.5771
1649 -76.1943 3 2 4.83936
1810 -76.4505 2 2 4.24282
1971 -78.3656 1 4 79.9368
2132 -77.1948 1 1 3.86897
711 -77.4336 1 2 71.1752
1649 -76.1943 3 2 4.82056
1810 -76.4505 2 2 4.22458
1971 -78.3656 1 4 79.5687
2132 -77.1948 1 1 3.86044
711 -77.4336 1 2 72.0855
1649 -76.1943 3 2 4.87984
1810 -76.4505 2 2 4.21371
1971 -78.3656 1 4 79.1933
2132 -77.1948 1 1 3.86729
711 -77.4336 1 2 71.7699
1649 -76.1943 3 2 4.84693
1810 -76.4505 2 2 4.18996
1971 -78.3656 1 4 78.9263
2132 -77.1948 1 1 3.85514
711 -77.4336 1 2 71.8653
1649 -76.1943 3 2 4.88084
1810 -76.4505 2 2 4.22379
1971 -78.3656 1 4 79.0947
2132 -77.1948 1 1 3.83671
711 -77.4336 1 2 71.4559
1649 -76.1943 3 2 4.86045
1810 -76.4505 2 2 4.20979
1971 -78.3656 1 4 78.6649
2132 -77.1948 1 1 3.824
711 -77.4336 1 2 71.8797
1649 -76.1943 3 2 4.9235
1810 -76.4505 2 2 4.21336
1971 -78.3656 1 4 78.6198
2132 -77.1948 1 1 3.82506
711 -77.4336 1 2 71.6818
1649 -76.1943 3 2 4.89329
1810 -76.4505 2 2 4.19533
1971 -78.3656 1 4 78.2845
2132 -77.1948 1 1 3.8063
711 -77.4336 1 2 71.9363
1649 -76.1943 3 2 4.87044
1810 -76.4505 2 2 4.17985
1971 -78.3656 1 4 78.1628
2132 -77.1948 1 1 3.81746
711 -77.4336 1 2 71.6384
1649 -76.1943 3 2 4.85191
1810 -76.4505 2 2 4.16247
1971 -78.3656 1 4 77.8936
2132 -77.1948 1 1 3.79722
711 -77.4336 1 2 72.0847
1649 -76.1943 1 2 4.87727
1810 -76.4505 2 2 4.19141
1971 -78.3656 0 4 78.1045
2132 -77.1948 1 1 3.8052
711 -77.4336 1 2 72.4654
1649 -76.1943 3 2 4.85243
1810 -76.4505 2 2 4.18258
1971 -78.3656 1 4 79.3542
2132 -77.1948 1 1 3.78952
711 -77.4336 1 2 72.5048
1649 -76.1943 3 2 4.88722
1810 -76.4505 2 2 4.15821
1971 -78.3656 1 4 79.5891
2132 -77.1948 1 1 3.79031
711 -77.4336 1 2 72.1023
1649 -76.1943 3 2 4.8738
1810 -76.4505 2 2 4.14457
1971 -78.3656 1 4 79.2733
2132 -77.1948 1 1 3.77443
711 -77.4336 1 2 72.1528
1649 -76.1943 3 2 4.88691
1810 -76.4505 2 2 4.19535
1971 -78.3656 1 4 79.0959
2132 -77.1948 1 1 3.76626
711 -77.4336 1 2 71.9547
1649 -76.1943 3 2 4.86395
1810 -76.4505 2 2 4.17802
1971 -78.3656 1 4 78.8086
2132 -77.1948 1 1 3.74363
711 -77.4336 1 2 71.855
1649 -76.1943 3 2 4.84804
1810 -76.4505 2 2 4.17455
1971 -78.3656 1 4 80.1223
2132 -77.1948 1 1 3.75341
711 -77.4336 1 2 71.4161
1649 -76.1943 3 2 4.82936
1810 -76.4505 2 2 4.1549
1971 -78.3656 1 4 80.8114
2132 -77.1948 1 1 3.734
711 -77.4336 1 2 71.7224
1649 -76.1943 3 2 4.85777
1810 -76.4505 2 2 4.15383
1971 -78.3656 1 4 80.5517
2132 -77.1948 1 1 3.78294
711 -77.4336 1 2 71.4689
1649 -76.1943 3 2 4.83759
1810 -76.4505 2 2 4.13171
1971 -78.3656 1 4 80.2556
2132 -77.1948 1 1 3.7701
711 -77.4336 1 2 71.5458
1649 -76.1943 3 2 4.83222
1810 -76.4505 2 2 4.11481
1971 -78.3656 1 4 80.4231
2132 -77.1948 1 1 3.81012
711 -77.4336 1 2 71.1979
1649 -76.1943 3 2 4.81009
1810 -76.4505 2 2 4.09943
1971 -78.3656 1 4 80.1742
2132 -77.1948 1 1 3.8003
711 -77.4336 0 2 71.6843
1649 -76.1943 3 2 4.85941
1810 -76.4505 1 2 4.08909
1971 -78.3656 1 4 80.8679
2132 -77.1948 0 1 3.80106
711 -77.4336 1 2 71.4338
1649 -76.1943 3 2 4.84021
1810 -76.4505 2 2 4.06712
1971 -78.3656 1 4 80.4922
2132 -77.1948 1 1 3.78335
711 -77.4336 1 2 72.2572
1649 -76.1943 3 2 4.84536
1810 -76.4505 1 2 4.05828
1971 -78.3656 1 4 80.576
2132 -77.1948 1 1 3.77446
711 -77.4336 1 2 73.9405
1649 -76.1943 3 2 4.82503
1810 -76.4505 2 2 4.0363
1971 -78.3656 1 4 80.3451
2132 -77.1948 1 1 3.76446
711 -77.4336 1 2 74.1485
1649 -76.1943 3 2 4.84562
1810 -76.4505 2 2 4.02978
1971 -78.3656 1 4 80.1394
2132 -77.1948 1 1 3.78446
711 -77.4336 1 2 73.7667
1649 -76.1943 3 2 4.8279
1810 -76.4505 2 2 4.01444
1971 -78.3656 1 4 79.9319
2132 -77.1948 1 1 3.76595
711 -77.4336 1 2 73.5779
1649 -76.1943 3 2 4.82633
1810 -76.4505 2 2 4.03494
1971 -78.3656 1 4 80.0952
2132 -77.1948 1 1 3.77308
711 -77.4336 1 2 73.3064
1649 -76.1943 3 2 4.81657
1810 -76.4505 2 2 4.0122
1971 -78.3656 1 4 79.7688
2132 -77.1948 1 1 3.75554
711 -77.4336 1 2 73.5151
1649 -76.1943 3 2 4.80062
1810 -76.4505 2 2 4.06911
1971 -78.3656 1 4 79.8393
2132 -77.1948 1 1 3.773
711 -77.4336 1 2 73.3433
1649 -76.1943 3 2 4.78198
1810 -76.4505 2 2 4.0561
1971 -78.3656 1 4 79.4636
2132 -77.1948 1 1 3.75694
711 -77.4336 1 2 73.2704
1649 -76.1943 3 2 4.77732
1810 -76.4505 2 2 4.15048
1971 -78.3656 1 4 79.4518
2132 -77.1948 1 1 3.74432
711 -77.4336 1 2 72.9484
1649 -76.1943 3 2 4.76382
1810 -76.4505 2 2 4.13446
1971 -78.3656 1 4 79.3012
2132 -77.1948 1 1 3.72759
711 -77.4336 1 2 73.0173
1649 -76.1943 3 2 4.7483
1810 -76.4505 2 2 4.14005
1971 -78.3656 1 4 78.9174
2132 -77.1948 1 1 3.75656
711 -77.4336 1 2 72.5989
1649 -76.1943 3 2 4.73058
1810 -76.4505 2 2 4.12571
1971 -78.3656 1 4 78.5989
2132 -77.1948 1 1 3.73969
711 -77.4336 1 2 72.7465
1649 -76.1943 3 2 4.76301
1810 -76.4505 2 2 4.14273
1971 -78.3656 1 4 78.5592
2132 -77.1948 1 1 3.75936
711 -77.4336 1 2 72.4948
1649 -76.1943 3 2 4.75015
1810 -76.4505 2 2 4.1285
1971 -78.3656 1 4 78.3265
2132 -77.1948 1 1 3.7524
711 -77.4336 1 2 72.2678
1649 -76.1943 3 2 4.75477
1810 -76.4505 2 2 4.17188
1971 -78.3656 1 4 78.231
2132 -77.1948 1 1 3.79603
711 -77.4336 1 2 71.8996
1649 -76.1943 3 2 4.73335
1810 -76.4505 2 2 4.15481
1971 -78.3656 1 4 77.9164
2132 -77.1948 1 1 3.78955
711 -77.4336 1 2 72.1813
1649 -76.1943 3 2 4.72983
1810 -76.4505 2 2 4.29002
1971 -78.3656 1 4 78.444
2132 -77.1948 1 1 3.76995
711 -77.4336 1 2 71.9956
1649 -76.1943 3 2 4.71691
1810 -76.4505 2 2 4.26601
1971 -78.3656 1 4 78.2245
2132 -77.1948 1 1 3.75932
711 -77.4336 1 2 72.5445
1649 -76.1943 3 2 4.71295
1810 -76.4505 2 2 4.27792
1971 -78.3656 1 4 77.8844
2132 -77.1948 1 1 3.75356
711 -77.4336 1 2 73.1256
1649 -76.1943 3 2 4.68994
1810 -76.4505 2 2 4.26168
1971 -78.3656 1 4 77.6156
2132 -77.1948 1 1 3.73621
711 -77.4336 1 2 73.0784
1649 -76.1943 3 2 4.69123
1810 -76.4505 2 2 4.26692
1971 -78.3656 1 4 77.4616
2132 -77.1948 1 1 3.722
711 -77.4336 1 2 72.8702
1649 -76.1943 3 2 4.6723
1810 -76.4505 2 2 4.25037
1971 -78.3656 1 4 77.2696
2132 -77.1948 1 1 3.71098
711 -77.4336 1 2 72.6107
1649 -76.1943 3 2 4.65934
1810 -76.4505 2 2 4.24448
1971 -78.3656 1 4 77.6478
2132 -77.1948 1 1 3.69844
711 -77.4336 1 2 72.409
1649 -76.1943 3 2 4.63967
1810 -76.4505 2 2 4.2274
1971 -78.3656 1 4 77.3694
2132 -77.1948 1 1 3.68505
711 -77.4336 1 2 72.251
1649 -76.1943 3 2 4.65326
1810 -76.4505 2 2 4.23026
1971 -78.3656 1 4 77.0267
2132 -77.1948 1 1 3.67457
711 -77.4336 1 2 71.9874
1649 -76.1943 3 2 4.6342
1810 -76.4505 2 2 4.22068
1971 -78.3656 1 4 76.7621
2132 -77.1948 1 1 3.65795
711 -77.4336 1 2 72.5436
1649 -76.1943 2 2 4.61986
1810 -76.4505 2 2 4.20999
1971 -78.3656 1 4 76.9518
2132 -77.1948 1 1 3.65352
711 -77.4336 1 2 72.251
1649 -76.1943 3 2 4.60828
1810 -76.4505 2 2 4.19555
1971 -78.3656 1 4 78.2614
2132 -77.1948 1 1 3.64573
711 -77.4336 1 2 71.9977
1649 -76.1943 3 2 4.60462
1810 -76.4505 2 2 4.19353
1971 -78.3656 1 4 78.4253
2132 -77.1948 1 1 3.73815
711 -77.4336 1 2 71.7717
1649 -76.1943 3 2 4.59647
1810 -76.4505 2 2 4.17436
1971 -78.3656 1 4 78.1905
2132 -77.1948 1 1 3.72167
711 -77.4336 1 2 72.3593
1649 -76.1943 3 2 4.62319
1810 -76.4505 2 2 4.18696
1971 -78.3656 1 4 77.9511
2132 -77.1948 1 1 3.71479
711 -77.4336 1 2 72.1355
1649 -76.1943 3 2 4.60848
1810 -76.4505 2 2 4.17817
1971 -78.3656 1 4 77.7062
2132 -77.1948 1 1 3.708
711 -77.4336 1 2 72.0251
1649 -76.1943 3 2 4.6326
1810 -76.4505 2 2 4.19474
1971 -78.3656 1 4 77.8811
2132 -77.1948 1 1 3.6937
711 -77.4336 1 2 71.8023
1649 -76.1943 3 2 4.62477
1810 -76.4505 2 2 4.18295
1971 -78.3656 1 4 77.6763
2132 -77.1948 1 1 3.68285
711 -77.4336 1 2 71.8314
1649 -76.1943 3 2 4.60141
1810 -76.4505 2 2 4.18966
1971 -78.3656 1 4 77.948
2132 -77.1948 1 1 3.67476
711 -77.4336 1 2 71.5271
1649 -76.1943 3 2 4.58704
1810 -76.4505 2 2 4.17752
1971 -78.3656 1 4 77.696
2132 -77.1948 1 1 3.66143
711 -77.4336 1 2 71.7169
1649 -76.1943 3 2 4.5803
1810 -76.4505 2 2 4.18868
1971 -78.3656 1 4 77.5732
2132 -77.1948 1 1 3.66092
711 -77.4336 1 2 71.3826
1649 -76.1943 3 2 4.56001
1810 -76.4505 2 2 4.1711
1971 -78.3656 1 4 77.2412
2132 -77.1948 1 1 3.64381
711 -77.4336 1 2 71.2596
1649 -76.1943 3 2 4.56532
1810 -76.4505 2 2 4.17005
1971 -78.3656 1 4 77.9157
2132 -77.1948 1 1 3.68494
711 -77.4336 1 2 71.1368
1649 -76.1943 3 2 4.54956
1810 -76.4505 2 2 4.16087
1971 -78.3656 1 4 77.6434
2132 -77.1948 1 1 3.67101
711 -77.4336 1 2 71.0028
1649 -76.1943 3 2 4.59707
1810 -76.4505 2 2 4.18734
1971 -78.3656 1 4 77.587
2132 -77.1948 1 1 3.67609
711 -77.4336 1 2 70.7314
1649 -76.1943 3 2 4.57698
1810 -76.4505 2 2 4.16683
1971 -78.3656 1 4 77.3645
2132 -77.1948 1 1 3.66423
711 -77.4336 1 2 71.1988
1649 -76.1943 3 2 4.65461
1810 -76.4505 2 2 4.15612
1971 -78.3656 1 4 77.0156
2132 -77.1948 1 1 3.69746
711 -77.4336 1 2 70.898
1649 -76.1943 3 2 4.63499
1810 -76.4505 2 2 4.13839
1971 -78.3656 1 4 76.9403
2132 -77.1948 1 1 3.68014
711 -77.4336 1 2 70.9576
1649 -76.1943 3 2 4.68468
1810 -76.4505 2 2 4.13645
1971 -78.3656 1 4 76.8424
2132 -77.1948 1 1 3.72687
711 -77.4336 1 2 70.6633
1649 -76.1943 3 2 4.66788
1810 -76.4505 2 2 4.12282
1971 -78.3656 1 4 76.6236
2132 -77.1948 1 1 3.71722
711 -77.4336 1 2 70.9874
1649 -76.1943 3 2 4.68792
1810 -76.4505 2 2 4.11369
1971 -78.3656 1 4 76.8792
2132 -77.1948 1 1 3.70398
711 -77.4336 1 2 70.7946
1649 -76.1943 3 2 4.66813
1810 -76.4505 2 2 4.10137
1971 -78.3656 1 4 76.6147
2132 -77.1948 1 1 3.68838
711 -77.4336 1 2 71.1636
1649 -76.1943 3 2 4.67377
1810 -76.4505 2 2 4.09425
1971 -78.3656 1 4 76.7756
2132 -77.1948 1 1 3.67712
711 -77.4336 1 2 70.8689
1649 -76.1943 3 2 4.65649
1810 -76.4505 2 2 4.08081
1971 -78.3656 1 4 76.3609
2132 -77.1948 1 1 3.6672
711 -77.4336 1 2 70.9268
1649 -76.1943 3 2 4.64924
1810 -76.4505 2 2 4.16552
1971 -78.3656 1 4 76.2585
2132 -77.1948 1 1 3.65244
711 -77.4336 1 2 70.7155
1649 -76.1943 3 2 4.63174
1810 -76.4505 2 2 4.15592
1971 -78.3656 1 4 76.1258
2132 -77.1948 1 1 3.64216
711 -77.4336 1 2 70.8314
1649 -76.1943 3 2 4.61819
1810 -76.4505 2 2 4.15748
1971 -78.3656 1 4 76.129
2132 -77.1948 1 1 3.62836
711 -77.4336 1 2 71.4314
1649 -76.1943 3 2 4.60183
1810 -76.4505 2 2 4.14832
1971 -78.3656 1 4 75.8844
2132 -77.1948 1 1 3.62261
711 -77.4336 0 2 71.8354
1649 -76.1943 2 2 4.60247
1810 -76.4505 1 2 4.13828
1971 -78.3656 1 4 75.9395
2132 -77.1948 0 1 3.6073
711 -77.4336 1 2 71.9758
1649 -76.1943 3 2 4.58165
1810 -76.4505 2 2 4.12668
1971 -78.3656 1 4 76.1471
2132 -77.1948 1 1 3.59525
711 -77.4336 1 2 72.0959
1649 -76.1943 3 2 4.60461
1810 -76.4505 2 2 4.11867
1971 -78.3656 1 4 76.2495
2132 -77.1948 1 1 3.59861
711 -77.4336 1 2 72.1228
1649 -76.1943 3 2 4.58309
1810 -76.4505 2 2 4.10956
1971 -78.3656 1 4 76.067
2132 -77.1948 1 1 3.59208
711 -77.4336 1 2 72.0463
1649 -76.1943 3 2 4.61619
1810 -76.4505 2 2 4.10357
1971 -78.3656 1 4 76.3468
2132 -77.1948 1 1 3.61831
711 -77.4336 1 2 71.7764
1649 -76.1943 3 2 4.6066
1810 -76.4505 2 2 4.08659
1971 -78.3656 1 4 76.1307
2132 -77.1948 1 1 3.60936
711 -77.4336 1 2 71.6296
1649 -76.1943 3 2 4.62094
1810 -76.4505 2 2 4.09105
1971 -78.3656 1 4 76.6757
2132 -77.1948 1 1 3.67629
711 -77.4336 1 2 71.4222
1649 -76.1943 3 2 4.61074
1810 -76.4505 2 2 4.07986
1971 -78.3656 1 4 76.3499
2132 -77.1948 1 1 3.66688
711 -77.4336 1 2 71.5377
1649 -76.1943 3 2 4.59085
1810 -76.4505 2 2 4.08481
1971 -78.3656 1 4 76.6207
2132 -77.1948 1 1 3.70623
711 -77.4336 1 2 71.8836
1649 -76.1943 3 2 4.58042
1810 -76.4505 2 2 4.06962
1971 -78.3656 1 4 76.4026
2132 -77.1948 1 1 3.69258
711 -77.4336 1 2 71.8931
1649 -76.1943 3 2 4.56484
1810 -76.4505 2 2 4.1305
1971 -78.3656 1 4 76.3111
2132 -77.1948 1 1 3.68513
711 -77.4336 1 2 71.9308
1649 -76.1943 3 2 4.54994
1810 -76.4505 2 2 4.11218
1971 -78.3656 1 4 76.49
2132 -77.1948 1 1 3.66951
711 -77.4336 1 2 72.1057
1649 -76.1943 2 2 4.54825
1810 -76.4505 2 2 4.11146
1971 -78.3656 1 4 76.9746
2132 -77.1948 1 1 3.68517
711 -77.4336 1 2 71.971
1649 -76.1943 3 2 4.52683
1810 -76.4505 2 2 4.09776
1971 -78.3656 1 4 77.1499
2132 -77.1948 1 1 3.6697
711 -77.4336 1 2 72.2361
1649 -76.1943 3 2 4.51792
1810 -76.4505 2 2 4.09745
1971 -78.3656 1 4 77.5061
2132 -77.1948 1 1 3.65952
711 -77.4336 1 2 72.0859
1649 -76.1943 3 2 4.49955
1810 -76.4505 2 2 4.08769
1971 -78.3656 1 4 77.2814
2132 -77.1948 1 1 3.64853
711 -77.4336 1 2 72.1311
1649 -76.1943 3 2 4.50549
1810 -76.4505 2 2 4.09324
1971 -78.3656 1 4 77.2957
2132 -77.1948 1 1 3.64963
711 -77.4336 1 2 71.9829
1649 -76.1943 3 2 4.49033
1810 -76.4505 2 2 4.07978
1971 -78.3656 1 4 77.0833
2132 -77.1948 1 1 3.63219
711 -77.4336 1 2 72.4039
1649 -76.1943 3 2 4.47772
1810 -76.4505 2 2 4.07313
1971 -78.3656 1 4 76.9497
2132 -77.1948 1 1 3.63484
711 -77.4336 1 2 72.8509
1649 -76.1943 3 2 4.46151
1810 -76.4505 2 2 4.05916
1971 -78.3656 1 4 76.938
2132 -77.1948 1 1 3.62104
711 -77.4336 1 2 72.7381
1649 -76.1943 3 2 4.45339
1810 -76.4505 2 2 4.0619
1971 -78.3656 1 4 76.9894
2132 -77.1948 1 1 3.62918
711 -77.4336 1 2 72.547
1649 -76.1943 3 2 4.44204
1810 -76.4505 2 2 4.04936
1971 -78.3656 1 4 76.6761
2132 -77.1948 1 1 3.61839
711 -77.4336 1 2 72.6435
1649 -76.1943 3 2 4.43217
1810 -76.4505 2 2 4.0405
1971 -78.3656 1 4 76.5728
2132 -77.1948 1 1 3.61576
711 -77.4336 1 2 72.3838
1649 -76.1943 3 2 4.42289
1810 -76.4505 2 2 4.02584
1971 -78.3656 1 4 76.3424
2132 -77.1948 1 1 3.6075
711 -77.4336 1 2 72.7634
1649 -76.1943 3 2 4.42205
1810 -76.4505 2 2 4.01207
1971 -78.3656 1 4 76.4751
2132 -77.1948 1 1 3.61176
711 -77.4336 1 2 72.5432
1649 -76.1943 3 2 4.4036
1810 -76.4505 2 2 4.00588
1971 -78.3656 1 4 76.1777
2132 -77.1948 1 1 3.59765
711 -77.4336 1 2 72.5748
1649 -76.1943 2 2 4.43432
1810 -76.4505 2 2 4.00351
1971 -78.3656 1 4 76.4742
2132 -77.1948 1 1 3.61968
711 -77.4336 1 2 73.5721
1649 -76.1943 3 2 4.41565
1810 -76.4505 2 2 3.99422
1971 -78.3656 1 4 76.3034
2132 -77.1948 1 1 3.61174
711 -77.4336 1 2 73.7244
1649 -76.1943 3 2 4.42776
1810 -76.4505 2 2 3.98342
1971 -78.3656 1 4 76.4213
2132 -77.1948 1 1 3.61966
711 -77.4336 1 2 73.6041
1649 -76.1943 3 2 4.41057
1810 -76.4505 2 2 3.9728
1971 -78.3656 1 4 76.2747
2132 -77.1948 1 1 3.60664
711 -77.4336 1 2 73.7154
1649 -76.1943 3 2 4.39644
1810 -76.4505 2 2 3.964
1971 -78.3656 1 4 76.5665
2132 -77.1948 1 1 3.64455
711 -77.4336 1 2 73.6281
1649 -76.1943 3 2 4.38481
1810 -76.4505 2 2 3.95172
1971 -78.3656 1 4 76.3919
2132 -77.1948 1 1 3.62937
711 -77.4336 1 2 73.744
1649 -76.1943 3 2 4.38169
1810 -76.4505 2 2 3.95749
1971 -78.3656 1 4 76.2719
2132 -77.1948 1 1 3.65358
711 -77.4336 1 2 73.5503
1649 -76.1943 3 2 4.36678
1810 -76.4505 2 2 3.94338
1971 -78.3656 1 4 76.0786
2132 -77.1948 1 1 3.63782
711 -77.4336 1 2 73.3552
1649 -76.1943 3 2 4.36204
1810 -76.4505 2 2 4.03317
1971 -78.3656 1 4 76.0773
2132 -77.1948 1 1 3.63565
711 -77.4336 1 2 73.155
1649 -76.1943 3 2 4.34966
1810 -76.4505 2 2 4.02474
1971 -78.3656 1 4 75.9521
2132 -77.1948 1 1 3.62531
711 -77.4336 1 2 73.2937
1649 -76.1943 3 2 4.34476
1810 -76.4505 2 2 4.01737
1971 -78.3656 1 4 75.7485
2132 -77.1948 1 1 3.65626
711 -77.4336 1 2 73.076
1649 -76.1943 3 2 4.33419
1810 -76.4505 2 2 4.00866
1971 -78.3656 1 4 75.5404
2132 -77.1948 1 1 3.64731
711 -77.4336 1 2 73.0433
1649 -76.1943 3 2 4.35245
1810 -76.4505 2 2 4.02127
1971 -78.3656 1 4 75.4526
2132 -77.1948 1 1 3.74498
711 -77.4336 1 2 72.7887
1649 -76.1943 3 2 4.34289
1810 -76.4505 2 2 4.00427
1971 -78.3656 1 4 75.1973
2132 -77.1948 1 1 3.73337
711 -77.4336 1 2 73.0504
1649 -76.1943 3 2 4.3347
1810 -76.4505 2 2 4.00304
1971 -78.3656 1 4 75.1863
2132 -77.1948 1 1 3.75753
711 -77.4336 1 2 72.8824
1649 -76.1943 3 2 4.32835
1810 -76.4505 2 2 3.99129
1971 -78.3656 1 4 75.1553
2132 -77.1948 1 1 3.74665
711 -77.4336 1 2 73.1077
1649 -76.1943 3 2 4.31969
1810 -76.4505 2 2 3.99226
1971 -78.3656 1 4 75.2844
2132 -77.1948 1 1 3.75405
711 -77.4336 1 2 73.0585
1649 -76.1943 3 2 4.30671
1810 -76.4505 2 2 3.98003
1971 -78.3656 1 4 75.1488
2132 -77.1948 1 1 3.74184
711 -77.4336 1 2 73.0282
1649 -76.1943 3 2 4.29423
1810 -76.4505 2 2 3.99765
1971 -78.3656 1 4 74.8997
2132 -77.1948 1 1 3.7558
711 -77.4336 1 2 72.8278
1649 -76.1943 3 2 4.28303
1810 -76.4505 2 2 3.98653
1971 -78.3656 1 4 74.7134
2132 -77.1948 1 1 3.73964
711 -77.4336 1 2 72.7703
1649 -76.1943 3 2 4.26931
1810 -76.4505 2 2 4.00413
1971 -78.3656 1 4 75.0653
2132 -77.1948 1 1 3.73835
711 -77.4336 1 2 72.6626
1649 -76.1943 3 2 4.25743
1810 -76.4505 2 2 3.99281
1971 -78.3656 1 4 74.9895
2132 -77.1948 1 1 3.72756
711 -77.4336 1 2 73.0091
1649 -76.1943 3 2 4.24738
1810 -76.4505 2 2 4.02732
1971 -78.3656 1 4 74.9404
2132 -77.1948 1 1 3.71822
711 -77.4336 1 2 72.877
1649 -76.1943 3 2 4.24021
1810 -76.4505 2 2 4.01747
1971 -78.3656 1 4 74.7849
2132 -77.1948 1 1 3.70556
711 -77.4336 1 2 73.0121
1649 -76.1943 3 2 4.27455
1810 -76.4505 2 2 4.03721
1971 -78.3656 1 4 75.2677
2132 -77.1948 1 1 3.70253
711 -77.4336 1 2 72.9331
1649 -76.1943 3 2 4.25835
1810 -76.4505 2 2 4.03091
1971 -78.3656 1 4 75.1017
2132 -77.1948 1 1 3.69377
711 -77.4336 0 2 72.792
1649 -76.1943 2 2 4.26124
1810 -76.4505 1 2 4.01524
1971 -78.3656 1 4 75.201
2132 -77.1948 0 1 3.6837
711 -77.4336 1 2 72.6362
1649 -76.1943 3 2 4.24211
1810 -76.4505 2 2 4.00392
1971 -78.3656 1 4 76.2037
2132 -77.1948 1 1 3.67525
711 -77.4336 1 2 72.5411
1649 -76.1943 3 2 4.24694
1810 -76.4505 2 2 3.99688
1971 -78.3656 1 4 76.5505
2132 -77.1948 1 1 3.69681
711 -77.4336 1 2 72.3751
1649 -76.1943 3 2 4.23418
1810 -76.4505 2 2 3.98399
1971 -78.3656 1 4 76.3266
2132 -77.1948 1 1 3.68882
711 -77.4336 1 2 72.7223
1649 -76.1943 3 2 4.23489
1810 -76.4505 2 2 3.98602
1971 -78.3656 1 4 76.7013
2132 -77.1948 1 1 3.69079
711 -77.4336 1 2 72.5209
1649 -76.1943 3 2 4.22318
1810 -76.4505 2 2 3.9782
1971 -78.3656 1 4 76.5802
2132 -77.1948 1 1 3.67953
711 -77.4336 1 2 72.6472
1649 -76.1943 3 2 4.24693
1810 -76.4505 2 2 3.99104
1971 -78.3656 1 4 77.1129
2132 -77.1948 1 1 3.69126
711 -77.4336 1 2 72.428
1649 -76.1943 3 2 4.23326
1810 -76.4505 2 2 3.97793
1971 -78.3656 1 4 76.8755
2132 -77.1948 1 1 3.68182
711 -77.4336 0 2 73.0212
1649 -76.1943 1 2 4.2435
1810 -76.4505 1 2 3.99087
1971 -78.3656 0 4 77.0111
2132 -77.1948 0 1 3.67018
711 -77.4336 1 2 73.537
1649 -76.1943 3 2 4.23285
1810 -76.4505 2 2 3.97733
1971 -78.3656 1 4 77.2029
2132 -77.1948 1 1 3.66528
711 -77.4336 1 2 73.5389
1649 -76.1943 3 2 4.25505
1810 -76.4505 2 2 3.99353
1971 -78.3656 1 4 77.2841
2132 -77.1948 1 1 3.70047
711 -77.4336 1 2 73.3502
1649 -76.1943 3 2 4.24427
1810 -76.4505 2 2 3.98127
1971 -78.3656 1 4 77.1354
2132 -77.1948 1 1 3.69408
711 -77.4336 1 2 73.1985
1649 -76.1943 3 2 4.25752
1810 -76.4505 2 2 3.97772
1971 -78.3656 1 4 77.1452
2132 -77.1948 1 1 3.68478
711 -77.4336 1 2 73.0181
1649 -76.1943 3 2 4.24903
1810 -76.4505 2 2 3.96938
1971 -78.3656 1 4 77.0404
2132 -77.1948 1 1 3.6744
711 -77.4336 1 2 73.0475
1649 -76.1943 3 2 4.28852
1810 -76.4505 2 2 4.00255
1971 -78.3656 1 4 76.8196
2132 -77.1948 1 1 3.67665
711 -77.4336 1 2 72.9569
1649 -76.1943 3 2 4.28111
1810 -76.4505 2 2 3.9928
1971 -78.3656 1 4 76.6765
2132 -77.1948 1 1 3.66655
711 -77.4336 1 2 72.9331
1649 -76.1943 3 2 4.28568
1810 -76.4505 2 2 4.08368
1971 -78.3656 1 4 76.7467
2132 -77.1948 1 1 3.65134
711 -77.4336 1 2 72.7064
1649 -76.1943 3 2 4.27996
1810 -76.4505 2 2 4.07441
1971 -78.3656 1 4 76.6072
2132 -77.1948 1 1 3.64297
711 -77.4336 1 2 72.8002
1649 -76.1943 3 2 4.29228
1810 -76.4505 2 2 4.06567
1971 -78.3656 1 4 76.8082
2132 -77.1948 1 1 3.63578
711 -77.4336 1 2 72.6475
1649 -76.1943 3 2 4.28389
1810 -76.4505 2 2 4.05525
1971 -78.3656 1 4 76.5964
2132 -77.1948 1 1 3.62891
711 -77.4336 1 2 72.5772
1649 -76.1943 3 2 4.2801
1810 -76.4505 2 2 4.10931
1971 -78.3656 1 4 76.4984
2132 -77.1948 1 1 3.62749
711 -77.4336 1 2 72.3365
1649 -76.1943 3 2 4.26884
1810 -76.4505 2 2 4.09303
1971 -78.3656 1 4 76.3354
2132 -77.1948 1 1 3.62061
711 -77.4336 1 2 72.2436
1649 -76.1943 3 2 4.27383
1810 -76.4505 2 2 4.09786
1971 -78.3656 1 4 76.7462
2132 -77.1948 1 1 3.6176
711 -77.4336 1 2 72.313
1649 -76.1943 3 2 4.2601
1810 -76.4505 2 2 4.08766
1971 -78.3656 1 4 76.6181
2132 -77.1948 1 1 3.6104
711 -77.4336 0 2 73.3027
1649 -76.1943 3 2 4.25274
1810 -76.4505 1 2 4.08959
1971 -78.3656 1 4 76.453
2132 -77.1948 0 1 3.62934
711 -77.4336 1 2 73.3719
1649 -76.1943 3 2 4.24384
1810 -76.4505 2 2 4.07713
1971 -78.3656 1 4 76.3136
2132 -77.1948 1 1 3.62042
711 -77.4336 1 2 73.3108
1649 -76.1943 3 2 4.26131
1810 -76.4505 2 2 4.06736
1971 -78.3656 1 4 76.1559
2132 -77.1948 1 1 3.60897
711 -77.4336 1 2 73.0668
1649 -76.1943 3 2 4.25149
1810 -76.4505 2 2 4.05974
1971 -78.3656 1 4 75.9114
2132 -77.1948 1 1 3.60296
711 -77.4336 1 2 72.9319
1649 -76.1943 3 2 4.26486
1810 -76.4505 2 2 4.05305
1971 -78.3656 1 4 75.8857
2132 -77.1948 1 1 3.59154
711 -77.4336 1 2 72.7817
1649 -76.1943 3 2 4.25188
1810 -76.4505 2 2 4.04812
1971 -78.3656 1 4 75.6954
2132 -77.1948 1 1 3.58456
711 -77.4336 1 2 72.8047
1649 -76.1943 3 2 4.26643
1810 -76.4505 2 2 4.05802
1971 -78.3656 1 4 75.7753
2132 -77.1948 1 1 3.58759
711 -77.4336 1 2 72.6258
1649 -76.1943 3 2 4.25587
1810 -76.4505 2 2 4.05182
1971 -78.3656 1 4 75.7628
2132 -77.1948 1 1 3.57615
711 -77.4336 1 2 72.4972
1649 -76.1943 3 2 4.31121
1810 -76.4505 2 2 4.06167
1971 -78.3656 1 4 75.9242
2132 -77.1948 1 1 3.59962
711 -77.4336 1 2 72.3475
1649 -76.1943 3 2 4.29872
1810 -76.4505 2 2 4.05534
1971 -78.3656 1 4 76.0519
2132 -77.1948 1 1 3.58984
711 -77.4336 1 2 72.5129
1649 -76.1943 3 2 4.29672
1810 -76.4505 2 2 4.05523
1971 -78.3656 1 4 75.9614
2132 -77.1948 1 1 3.59378
711 -77.4336 1 2 72.4333
1649 -76.1943 3 2 4.28852
1810 -76.4505 2 2 4.04717
1971 -78.3656 1 4 75.7386
2132 -77.1948 1 1 3.5894
711 -77.4336 0 2 72.8621
1649 -76.1943 3 2 4.29996
1810 -76.4505 1 2 4.04042
1971 -78.3656 1 4 75.8096
2132 -77.1948 0 1 3.57554
711 -77.4336 1 2 72.8795
1649 -76.1943 3 2 4.28572
1810 -76.4505 2 2 4.03123
1971 -78.3656 1 4 76.0325
2132 -77.1948 1 1 3.56715
711 -77.4336 1 2 73.1111
1649 -76.1943 3 2 4.35388
1810 -76.4505 2 2 4.07051
1971 -78.3656 1 4 76.1458
2132 -77.1948 1 1 3.56135
711 -77.4336 0 2 72.9
1649 -76.1943 2 2 4.34208
1810 -76.4505 1 2 4.0601
1971 -78.3656 1 4 77.6064
2132 -77.1948 0 1 3.54867
711 -77.4336 1 2 72.9643
1649 -76.1943 3 2 4.32959
1810 -76.4505 2 2 4.06811
1971 -78.3656 1 4 77.6744
2132 -77.1948 1 1 3.55111
711 -77.4336 1 2 72.7402
1649 -76.1943 3 2 4.31897
1810 -76.4505 2 2 4.05201
1971 -78.3656 1 4 77.4851
2132 -77.1948 1 1 3.53769
711 -77.4336 1 2 72.8491
1649 -76.1943 3 2 4.30832
1810 -76.4505 2 2 4.10906
1971 -78.3656 1 4 77.849
2132 -77.1948 1 1 3.53261
711 -77.4336 1 2 72.7468
1649 -76.1943 3 2 4.2995
1810 -76.4505 2 2 4.10019
1971 -78.3656 1 4 77.7914
2132 -77.1948 1 1 3.52093
711 -77.4336 1 2 72.7951
1649 -76.1943 3 2 4.28631
1810 -76.4505 2 2 4.10185
1971 -78.3656 1 4 77.7249
2132 -77.1948 1 1 3.52953
711 -77.4336 1 2 72.564
1649 -76.1943 3 2 4.28137
1810 -76.4505 2 2 4.09358
1971 -78.3656 1 4 77.5754
2132 -77.1948 1 1 3.52624
711 -77.4336 1 2 72.4847
1649 -76.1943 3 2 4.28292
1810 -76.4505 2 2 4.09308
1971 -78.3656 1 4 77.6845
2132 -77.1948 1 1 3.51379
711 -77.4336 1 2 72.31
1649 -76.1943 3 2 4.26923
1810 -76.4505 2 2 4.07889
1971 -78.3656 1 4 77.5065
2132 -77.1948 1 1 3.5074
711 -77.4336 1 2 72.6385
1649 -76.1943 3 2 4.2905
1810 -76.4505 2 2 4.10419
1971 -78.3656 1 4 77.4847
2132 -77.1948 1 1 3.50126
711 -77.4336 1 2 72.5076
1649 -76.1943 3 2 4.27792
1810 -76.4505 2 2 4.09397
1971 -78.3656 1 4 77.4966
2132 -77.1948 1 1 3.48812
711 -77.4336 1 2 72.4194
1649 -76.1943 3 2 4.26684
1810 -76.4505 2 2 4.08676
1971 -78.3656 1 4 77.7387
2132 -77.1948 1 1 3.47813
711 -77.4336 1 2 72.1904
1649 -76.1943 3 2 4.26023
1810 -76.4505 2 2 4.07749
1971 -78.3656 1 4 77.6294
2132 -77.1948 1 1 3.46998
711 -77.4336 1 2 72.6289
1649 -76.1943 3 2 4.36107
1810 -76.4505 2 2 4.14336
1971 -78.3656 1 4 77.4346
2132 -77.1948 1 1 3.48834
711 -77.4336 1 2 72.6534
1649 -76.1943 3 2 4.34487
1810 -76.4505 2 2 4.12795
1971 -78.3656 1 4 77.2977
2132 -77.1948 1 1 3.4827
711 -77.4336 1 2 72.8978
1649 -76.1943 3 2 4.34179
1810 -76.4505 2 2 4.19589
1971 -78.3656 1 4 77.3048
2132 -77.1948 1 1 3.49484
711 -77.4336 1 2 72.7962
1649 -76.1943 3 2 4.3326
1810 -76.4505 2 2 4.19064
1971 -78.3656 1 4 77.1483
2132 -77.1948 1 1 3.48842
711 -77.4336 1 2 72.6672
1649 -76.1943 3 2 4.31896
1810 -76.4505 2 2 4.21836
1971 -78.3656 1 4 77.2998
2132 -77.1948 1 1 3.48956
711 -77.4336 1 2 72.4839
1649 -76.1943 3 2 4.30808
1810 -76.4505 2 2 4.20913
1971 -78.3656 1 4 77.1074
2132 -77.1948 1 1 3.48148
711 -77.4336 1 2 72.3731
1649 -76.1943 3 2 4.40557
1810 -76.4505 2 2 4.2174
1971 -78.3656 1 4 77.5277
2132 -77.1948 1 1 3.48359
711 -77.4336 1 2 72.2369
1649 -76.1943 3 2 4.3941
1810 -76.4505 2 2 4.20528
1971 -78.3656 1 4 77.4776
2132 -77.1948 1 1 3.4773
711 -77.4336 1 2 72.1057
1649 -76.1943 3 2 4.40645
1810 -76.4505 2 2 4.20641
1971 -78.3656 1 4 77.8781
2132 -77.1948 1 1 3.53943
711 -77.4336 1 2 71.8726
1649 -76.1943 3 2 4.39111
1810 -76.4505 2 2 4.19977
1971 -78.3656 1 4 77.6745
2132 -77.1948 1 1 3.53304
711 -77.4336 1 2 72.1377
1649 -76.1943 3 2 4.42788
1810 -76.4505 2 2 4.2551
1971 -78.3656 1 4 77.8431
2132 -77.1948 1 1 3.53395
711 -77.4336 1 2 72.0488
1649 -76.1943 3 2 4.41204
1810 -76.4505 2 2 4.24472
1971 -78.3656 1 4 77.7174
2132 -77.1948 1 1 3.52786
711 -77.4336 1 2 71.9521
1649 -76.1943 3 2 4.42847
1810 -76.4505 2 2 4.24935
1971 -78.3656 1 4 78.1144
2132 -77.1948 1 1 3.51654
711 -77.4336 1 2 72.0195
1649 -76.1943 3 2 4.41719
1810 -76.4505 2 2 4.2372
1971 -78.3656 1 4 77.9959
2132 -77.1948 1 1 3.51121
711 -77.4336 1 2 71.8999
1649 -76.1943 3 2 4.42703
1810 -76.4505 2 2 4.22436
1971 -78.3656 1 4 77.9612
2132 -77.1948 1 1 3.52649
711 -77.4336 1 2 71.7344
1649 -76.1943 3 2 4.41923
1810 -76.4505 2 2 4.21548
1971 -78.3656 1 4 77.7232
2132 -77.1948 1 1 3.51668
711 -77.4336 1 2 71.5424
1649 -76.1943 3 2 4.43043
1810 -76.4505 2 2 4.25387
1971 -78.3656 1 4 78.0834
2132 -77.1948 1 1 3.51141
711 -77.4336 1 2 71.4036
1649 -76.1943 3 2 4.41988
1810 -76.4505 2 2 4.2412
1971 -78.3656 1 4 77.957
2132 -77.1948 1 1 3.50366
711 -77.4336 1 2 71.9327
1649 -76.1943 3 2 4.4133
1810 -76.4505 2 2 4.23458
1971 -78.3656 1 4 78.0001
2132 -77.1948 1 1 3.50954
711 -77.4336 1 2 71.7859
1649 -76.1943 3 2 4.4036
1810 -76.4505 2 2 4.22302
1971 -78.3656 1 4 77.7966
2132 -77.1948 1 1 3.50273
711 -77.4336 1 2 71.8851
1649 -76.1943 3 2 4.43669
1810 -76.4505 2 2 4.21612
1971 -78.3656 1 4 77.7749
2132 -77.1948 1 1 3.54083
711 -77.4336 1 2 71.7431
1649 -76.1943 3 2 4.42875
1810 -76.4505 2 2 4.20301
1971 -78.3656 1 4 77.602
2132 -77.1948 1 1 3.53024
711 -77.4336 1 2 71.8474
1649 -76.1943 3 2 4.44488
1810 -76.4505 2 2 4.2098
1971 -78.3656 1 4 77.8425
2132 -77.1948 1 1 3.5376
711 -77.4336 1 2 71.8681
1649 -76.1943 3 2 4.43458
1810 -76.4505 2 2 4.20211
1971 -78.3656 1 4 77.655
2132 -77.1948 1 1 3.52595
711 -77.4336 1 2 71.655
1649 -76.1943 3 2 4.4314
1810 -76.4505 2 2 4.23509
1971 -78.3656 1 4 77.6347
2132 -77.1948 1 1 3.51839
711 -77.4336 1 2 71.5581
1649 -76.1943 3 2 4.42065
1810 -76.4505 2 2 4.22026
1971 -78.3656 1 4 77.4071
2132 -77.1948 1 1 3.51042
711 -77.4336 1 2 71.6389
1649 -76.1943 3 2 4.43195
1810 -76.4505 2 2 4.23951
1971 -78.3656 1 4 77.321
2132 -77.1948 1 1 3.51288
711 -77.4336 1 2 71.5161
1649 -76.1943 3 2 4.42426
1810 -76.4505 2 2 4.22689
1971 -78.3656 1 4 77.1352
2132 -77.1948 1 1 3.50592
711 -77.4336 1 2 71.3552
1649 -76.1943 3 2 4.41182
1810 -76.4505 2 2 4.21594
1971 -78.3656 1 4 77.1644
2132 -77.1948 1 1 3.5233
711 -77.4336 1 2 71.1707
1649 -76.1943 3 2 4.4018
1810 -76.4505 2 2 4.21015
1971 -78.3656 1 4 77.0234
2132 -77.1948 1 1 3.5136
711 -77.4336 0 2 71.1663
1649 -76.1943 2 2 4.39251
1810 -76.4505 1 2 4.21278
1971 -78.3656 0 4 77.4219
2132 -77.1948 0 1 3.53782
711 -77.4336 1 2 71.0421
1649 -76.1943 3 2 4.38334
1810 -76.4505 2 2 4.20253
1971 -78.3656 1 4 78.2861
2132 -77.1948 1 1 3.53442
711 -77.4336 1 2 71.0887
1649 -76.1943 3 2 4.38048
1810 -76.4505 2 2 4.23119
1971 -78.3656 1 4 78.8069
2132 -77.1948 1 1 3.56453
711 -77.4336 1 2 70.9859
1649 -76.1943 3 2 4.36914
1810 -76.4505 2 2 4.22055
1971 -78.3656 1 4 78.6321
2132 -77.1948 1 1 3.55342
711 -77.4336 1 2 70.9374
1649 -76.1943 3 2 4.46266
1810 -76.4505 2 2 4.2182
1971 -78.3656 1 4 79.2497
2132 -77.1948 1 1 3.5846
711 -77.4336 1 2 70.7789
1649 -76.1943 3 2 4.45068
1810 -76.4505 2 2 4.20666
1971 -78.3656 1 4 79.1852
2132 -77.1948 1 1 3.58144
711 -77.4336 1 2 70.9369
1649 -76.1943 3 2 4.48691
1810 -76.4505 2 2 4.2066
1971 -78.3656 1 4 79.0972
2132 -77.1948 1 1 3.56833
711 -77.4336 1 2 70.744
1649 -76.1943 3 2 4.47609
1810 -76.4505 2 2 4.19653
1971 -78.3656 1 4 78.8802
2132 -77.1948 1 1 3.56053
711 -77.4336 1 2 70.8845
1649 -76.1943 3 2 4.48849
1810 -76.4505 2 2 4.20983
1971 -78.3656 1 4 78.7503
2132 -77.1948 1 1 3.55998
711 -77.4336 1 2 70.8131
1649 -76.1943 3 2 4.47828
1810 -76.4505 2 2 4.20287
1971 -78.3656 1 4 78.5699
2132 -77.1948 1 1 3.55126
711 -77.4336 1 2 71.1545
1649 -76.1943 3 2 4.4741
1810 -76.4505 2 2 4.21162
1971 -78.3656 1 4 78.5118
2132 -77.1948 1 1 3.54762
711 -77.4336 1 2 70.9789
1649 -76.1943 3 2 4.46193
1810 -76.4505 2 2 4.20444
1971 -78.3656 1 4 78.294
2132 -77.1948 1 1 3.54157
711 -77.4336 1 2 70.8382
1649 -76.1943 3 2 4.45941
1810 -76.4505 2 2 4.19751
1971 -78.3656 1 4 78.4454
2132 -77.1948 1 1 3.5353
711 -77.4336 1 2 70.7074
1649 -76.1943 3 2 4.44786
1810 -76.4505 2 2 4.1858
1971 -78.3656 1 4 78.2892
2132 -77.1948 1 1 3.53016
711 -77.4336 1 2 70.7815
1649 -76.1943 3 2 4.46555
1810 -76.4505 2 2 4.21719
1971 -78.3656 1 4 78.162
2132 -77.1948 1 1 3.5233
711 -77.4336 1 2 70.6309
1649 -76.1943 3 2 4.45947
1810 -76.4505 2 2 4.20663
1971 -78.3656 1 4 78.002
2132 -77.1948 1 1 3.51524
711 -77.4336 1 2 70.5789
1649 -76.1943 3 2 4.47762
1810 -76.4505 2 2 4.21882
1971 -78.3656 1 4 78.3274
2132 -77.1948 1 1 3.50904
711 -77.4336 1 2 70.3917
1649 -76.1943 3 2 4.46643
1810 -76.4505 2 2 4.21005
1971 -78.3656 1 4 78.1053
2132 -77.1948 1 1 3.50324
711 -77.4336 1 2 70.285
1649 -76.1943 3 2 4.49711
1810 -76.4505 2 2 4.21111
1971 -78.3656 1 4 78.1403
2132 -77.1948 1 1 3.50157
711 -77.4336 1 2 70.1243
1649 -76.1943 3 2 4.48819
1810 -76.4505 2 2 4.20432
1971 -78.3656 1 4 77.9657
2132 -77.1948 1 1 3.49009
711 -77.4336 1 2 70.0972
1649 -76.1943 3 2 4.48839
1810 -76.4505 2 2 4.19346
1971 -78.3656 1 4 78.1656
2132 -77.1948 1 1 3.48225
711 -77.4336 1 2 69.8778
1649 -76.1943 3 2 4.47897
1810 -76.4505 2 2 4.18368
1971 -78.3656 1 4 78.0325
2132 -77.1948 1 1 3.47457
711 -77.4336 0 2 70.0105
1649 -76.1943 3 2 4.48515
1810 -76.4505 1 2 4.18809
1971 -78.3656 1 4 77.9308
2132 -77.1948 0 1 3.55827
711 -77.4336 1 2 69.8549
1649 -76.1943 3 2 4.47687
1810 -76.4505 2 2 4.17623
1971 -78.3656 1 4 78.7192
2132 -77.1948 1 1 3.55371
711 -77.4336 1 2 69.8386
1649 -76.1943 2 2 4.47932
1810 -76.4505 2 2 4.18986
1971 -78.3656 0 4 79.3041
2132 -77.1948 1 1 3.55199
711 -77.4336 1 2 70.0377
1649 -76.1943 3 2 4.46848
1810 -76.4505 2 2 4.17759
1971 -78.3656 1 4 79.1689
2132 -77.1948 1 1 3.54249
711 -77.4336 1 2 70.0018
1649 -76.1943 3 2 4.45757
1810 -76.4505 2 2 4.17295
1971 -78.3656 1 4 79.0931
2132 -77.1948 1 1 3.5524
711 -77.4336 1 2 69.8111
1649 -76.1943 3 2 4.44836
1810 -76.4505 2 2 4.16185
1971 -78.3656 1 4 78.9502
2132 -77.1948 1 1 3.54197
711 -77.4336 1 2 69.9302
1649 -76.1943 3 2 4.46833
1810 -76.4505 2 2 4.15595
1971 -78.3656 1 4 78.8233
2132 -77.1948 1 1 3.53996
711 -77.4336 1 2 69.8411
1649 -76.1943 3 2 4.46095
1810 -76.4505 2 2 4.14446
1971 -78.3656 1 4 78.6918
2132 -77.1948 1 1 3.53303
711 -77.4336 1 2 69.9347
1649 -76.1943 3 2 4.46368
1810 -76.4505 2 2 4.19376
1971 -78.3656 1 4 78.6146
2132 -77.1948 1 1 3.54145
711 -77.4336 1 2 69.8202
1649 -76.1943 3 2 4.45741
1810 -76.4505 2 2 4.18583
1971 -78.3656 1 4 78.3977
2132 -77.1948 1 1 3.53578
711 -77.4336 1 2 69.8331
1649 -76.1943 3 2 4.44573
1810 -76.4505 2 2 4.17745
1971 -78.3656 1 4 78.421
2132 -77.1948 1 1 3.53011
711 -77.4336 1 2 69.9359
1649 -76.1943 3 2 4.43549
1810 -76.4505 2 2 4.17109
1971 -78.3656 1 4 78.2757
2132 -77.1948 1 1 3.51846
711 -77.4336 1 2 69.8139
1649 -76.1943 3 2 4.42516
1810 -76.4505 2 2 4.18913
1971 -78.3656 1 4 78.4811
2132 -77.1948 1 1 3.52355
711 -77.4336 1 2 69.6542
1649 -76.1943 3 2 4.42089
1810 -76.4505 2 2 4.17912
1971 -78.3656 1 4 78.3936
2132 -77.1948 1 1 3.51607
