ID  RSSI  Neighbors  Sources  Throughput
711 0 2 -1 0
781 0 3 -1 0
851 -72.556 2 0 0
1649 -75.7997 3 0 0
1810 -74.0875 4 0 0
1971 -76.5574 3 0 0
2132 -73.3798 2 0 0
2293 -82.0243 3 1 0
2454 -79.1415 2 1 0
711 -78.893 2 1 0
781 -78.2666 3 1 0
851 -72.556 2 0 0
1649 -74.4613 3 1 0
1810 -76.1327 4 1 0
1971 -78.508 3 3 0
2132 -77.1948 2 1 0
2293 -79.413 3 3 0
2454 -79.1415 2 1 0
711 -78.893 2 1 12.8431
781 -78.2666 3 1 0
851 -72.556 2 0 0
1649 -74.4613 3 1 0
1810 -76.1327 4 1 1.31391
1971 -78.508 3 3 3.71144
2132 -77.1948 2 1 5.3313
2293 -79.413 3 3 0
2454 -79.1415 2 1 0.743423
711 -78.893 2 1 9.5663
781 -78.2666 3 1 0
851 -72.556 2 0 0
1649 -74.4613 3 1 0
1810 -76.1327 4 1 1.04475
1971 -78.508 3 3 2.69985
2132 -77.1948 2 1 4.19896
2293 -79.413 3 3 0
2454 -79.1415 2 1 0.481996
711 -77.4336 1 2 9.32166
851 -72.556 1 0 0
1649 -74.4613 3 1 2.70995
1810 -76.1327 3 1 3.10357
1971 -78.508 3 3 3.97308
2132 -77.1948 2 1 4.9088
2293 -79.413 3 3 0
2454 -79.1415 2 1 0.8644
711 -77.4336 1 2 7.79912
851 -72.556 1 0 0
1649 -74.4613 3 1 2.29241
1810 -76.1327 3 1 2.76889
1971 -78.508 3 3 3.23358
2132 -77.1948 2 1 3.97982
2293 -79.413 3 3 0
2454 -79.1415 2 1 0.647984
711 -77.4336 1 2 7.64781
851 -72.556 1 0 0
1649 -74.4613 3 1 2.23444
1810 -76.1327 3 1 2.28797
1971 -78.508 3 3 7.14102
2132 -77.1948 2 1 4.42205
2293 -79.413 3 3 0
2454 -79.1415 2 1 0.560251
711 -77.4336 1 2 7.13762
851 -72.556 1 0 0
1649 -74.4613 3 1 1.97897
1810 -76.1327 3 1 2.0008
1971 -78.508 3 3 6.13769
2132 -77.1948 2 1 3.8763
2293 -79.413 3 3 0
2454 -79.1415 2 1 0.482268
711 -77.4336 1 2 6.11142
851 -72.556 1 0 0
1649 -74.4613 3 1 2.27065
1810 -76.1327 3 1 5.61166
1971 -78.508 3 3 7.76016
2132 -77.1948 2 1 3.52618
2293 -79.413 3 3 0
2454 -79.1415 2 1 0.447013
711 -77.4336 1 2 5.43278
851 -72.556 1 0 0
1649 -74.4613 3 1 2.0241
1810 -76.1327 3 1 4.98593
1971 -78.508 3 3 7.03403
2132 -77.1948 2 1 3.14684
2293 -79.413 3 3 0
2454 -79.1415 2 1 0.389524
711 -77.4336 1 2 5.40815
1649 -74.4613 3 1 2.80976
1810 -76.1327 3 1 5.3511
1971 -78.508 2 3 7.0543
2132 -77.1948 2 1 6.45323
2293 -79.413 3 3 0
2454 -79.1415 2 1 0.358821
711 -77.4336 1 2 5.05319
1649 -74.4613 3 1 2.58799
1810 -76.1327 3 1 4.96361
1971 -78.508 2 3 6.64313
2132 -77.1948 2 1 5.95582
2293 -79.413 3 3 0
2454 -79.1415 2 1 0.321249
711 -77.4336 1 2 5.81832
1649 -74.4613 3 1 3.19358
1810 -76.1327 3 1 4.53505
1971 -78.508 2 3 7.76084
2132 -77.1948 2 1 7.0672
2293 -79.413 3 3 0
2454 -79.1415 2 1 0.300817
711 -77.4336 1 2 5.38297
1649 -74.4613 3 1 2.89951
1810 -76.1327 3 1 4.18944
1971 -78.508 2 3 7.5747
2132 -77.1948 2 1 6.4947
2293 -79.413 3 3 0
2454 -79.1415 2 1 0.276199
711 -77.4336 1 2 6.39139
1649 -74.4613 3 1 2.7469
1810 -76.1327 3 1 3.98988
1971 -78.508 2 3 8.9183
2132 -77.1948 2 1 7.12258
2293 -79.413 3 3 0
2454 -79.1415 2 1 0.390588
711 -77.4336 1 2 5.99618
1649 -74.4613 3 1 2.54109
1810 -76.1327 3 1 3.81526
1971 -78.508 2 3 8.06698
2132 -77.1948 2 1 6.62834
2293 -79.413 3 3 0
2454 -79.1415 2 1 0.366654
711 -77.4336 1 2 5.6629
1649 -76.1943 3 2 2.76768
1810 -76.1327 2 1 4.01977
1971 -78.3656 2 4 7.9473
2132 -77.1948 1 1 6.94509
2454 -79.0559 1 2 0.341296
711 -77.4336 1 2 5.50343
1649 -76.1943 3 2 2.57057
1810 -76.1327 2 1 3.7386
1971 -78.3656 2 4 7.54719
2132 -77.1948 1 1 6.44511
2454 -79.0559 1 2 0.32805
711 -77.4336 1 2 6.17395
1649 -76.1943 3 2 2.95803
1810 -76.1327 2 1 3.99372
1971 -78.3656 2 4 7.92032
2132 -77.1948 1 1 6.24146
2454 -79.0559 1 2 0.305395
711 -77.4336 1 2 5.96076
1649 -76.1943 3 2 2.80226
1810 -76.1327 2 1 3.84937
1971 -78.3656 2 4 7.6286
2132 -77.1948 1 1 5.90728
2454 -79.0559 1 2 0.29348
711 -77.4336 1 2 5.68827
1649 -76.1943 3 2 3.759
1810 -76.1327 2 1 4.24024
1971 -78.3656 2 4 8.13213
2132 -77.1948 1 1 6.65132
2454 -79.0559 1 2 0.275873
711 -77.4336 1 2 5.4915
1649 -76.1943 3 2 3.51469
1810 -76.1327 2 1 4.08708
1971 -78.3656 2 4 7.78766
2132 -77.1948 1 1 6.39896
2454 -79.0559 1 2 0.265684
711 -77.4336 1 2 5.32629
1649 -76.1943 3 2 3.40368
1810 -76.1327 2 1 3.95361
1971 -79.1955 1 5 7.41217
2132 -77.1948 1 1 6.45452
711 -77.4336 1 2 5.07161
1649 -76.1943 3 2 3.2165
1810 -76.1327 2 1 3.87364
1971 -79.1955 1 5 7.1493
2132 -77.1948 1 1 6.18294
711 -77.4336 1 2 5.41285
1649 -76.1943 3 2 3.15917
1810 -76.1327 2 1 3.85688
1971 -79.1955 1 5 7.56604
2132 -77.1948 1 1 6.16074
711 -77.4336 1 2 5.18341
1649 -76.1943 3 2 3.06974
1810 -76.1327 2 1 3.74859
1971 -79.1955 1 5 7.19447
2132 -77.1948 1 1 6.01076
711 -77.4336 1 2 5.46226
1649 -76.1943 3 2 3.08903
1810 -76.1327 2 1 3.95028
1971 -79.1955 1 5 7.26053
2132 -77.1948 1 1 5.86078
711 -77.4336 1 2 5.26814
1649 -76.1943 3 2 3.00406
1810 -76.1327 2 1 3.84217
1971 -79.1955 1 5 6.96662
2132 -77.1948 1 1 5.66083
711 -77.4336 1 2 5.37817
1649 -76.1943 3 2 2.9382
1810 -76.1327 2 1 3.98355
1971 -79.1955 1 5 7.70761
2132 -77.1948 1 1 6.17022
711 -77.4336 1 2 5.21719
1649 -76.1943 3 2 2.85505
1810 -76.1327 2 1 3.90936
1971 -79.1955 1 5 7.38883
2132 -77.1948 1 1 5.97444
711 -77.4336 1 2 6.10588
1649 -76.1943 3 2 3.16707
1810 -76.1327 2 1 4.397
1971 -79.1955 1 5 8.21556
2132 -77.1948 1 1 7.176
711 -77.4336 1 2 5.99578
1649 -76.1943 3 2 3.09874
1810 -76.1327 2 1 4.25763
1971 -79.1955 1 5 7.94635
2132 -77.1948 1 1 6.90463
711 -77.4336 1 2 6.24151
1649 -76.1943 3 2 3.15461
1810 -76.1327 2 1 4.26655
1971 -79.1955 1 5 7.86291
2132 -77.1948 1 1 7.27996
711 -77.4336 1 2 6.10117
1649 -76.1943 3 2 3.05938
1810 -76.1327 2 1 4.14134
1971 -79.1955 1 5 7.56657
2132 -77.1948 1 1 7.02565
711 -77.4336 1 2 5.94741
1649 -76.1943 3 2 3.15446
1810 -76.1327 2 1 4.67873
1971 -79.1955 1 5 7.51676
2132 -77.1948 1 1 7.27873
711 -77.4336 1 2 5.79394
1649 -76.1943 3 2 3.05601
1810 -76.1327 2 1 4.51511
1971 -79.1955 1 5 7.28599
2132 -77.1948 1 1 7.10735
711 -77.4336 1 2 5.75019
1649 -76.1943 3 2 3.30684
1810 -76.1327 2 1 5.06966
1971 -79.1955 1 5 8.28413
2132 -77.1948 1 1 7.07114
711 -77.4336 1 2 5.59918
1649 -76.1943 3 2 3.20175
1810 -76.1327 2 1 4.90202
1971 -79.1955 1 5 8.0155
2132 -77.1948 1 1 6.89498
711 -77.4336 1 2 5.70758
1649 -76.1943 3 2 3.16855
1810 -76.1327 2 1 4.95932
1971 -79.1955 1 5 8.32573
2132 -77.1948 1 1 7.24651
711 -77.4336 1 2 5.50223
1649 -76.1943 3 2 3.10245
1810 -76.1327 2 1 4.78059
1971 -79.1955 1 5 8.11504
2132 -77.1948 1 1 7.10265
711 -77.4336 1 2 5.84668
1649 -76.1943 3 2 3.26156
1810 -76.1327 2 1 4.94945
1971 -79.1955 1 5 8.14351
2132 -77.1948 1 1 6.88033
711 -77.4336 1 2 5.72566
1649 -76.1943 3 2 3.16307
1810 -76.1327 2 1 4.85642
1971 -79.1955 1 5 8.04481
2132 -77.1948 1 1 6.70441
711 -77.4336 1 2 5.55293
1649 -76.1943 3 2 3.35891
1810 -76.1327 2 1 5.23846
1971 -79.1955 1 5 7.96892
2132 -77.1948 1 1 6.77759
711 -77.4336 1 2 5.42495
1649 -76.1943 3 2 3.26212
1810 -76.1327 2 1 5.17423
1971 -79.1955 1 5 7.84014
2132 -77.1948 1 1 6.66606
711 -77.4336 1 2 5.4571
1649 -76.1943 3 2 3.30381
1810 -76.1327 2 1 5.3153
1971 -79.1955 1 5 8.03477
2132 -77.1948 1 1 6.81654
711 -77.4336 1 2 5.37637
1649 -76.1943 3 2 3.2676
1810 -76.1327 2 1 5.19752
1971 -79.1955 1 5 7.82782
2132 -77.1948 1 1 6.60409
711 -77.4336 1 2 5.23679
1649 -76.1943 3 2 3.69935
1810 -76.1327 2 1 5.31259
1971 -79.1955 1 5 9.04423
2132 -77.1948 1 1 6.62045
711 -77.4336 1 2 5.10953
1649 -76.1943 3 2 3.62794
1810 -76.1327 2 1 5.20145
1971 -79.1955 1 5 8.82598
2132 -77.1948 1 1 6.41764
711 -77.4336 1 2 5.31636
1649 -76.1943 3 2 4.00533
1810 -76.1327 2 1 5.12534
1971 -79.1955 1 5 9.32558
2132 -77.1948 1 1 6.61041
711 -77.4336 1 2 5.16002
1649 -76.1943 3 2 3.89002
1810 -76.1327 2 1 5.00708
1971 -79.1955 1 5 9.16034
2132 -77.1948 1 1 6.48
711 -77.4336 1 2 5.53595
1649 -76.1943 3 2 3.88872
1810 -76.1327 2 1 5.16871
1971 -79.1955 1 5 9.69491
2132 -77.1948 1 1 7.32898
711 -77.4336 1 2 5.44178
1649 -76.1943 3 2 3.80025
1810 -76.1327 2 1 5.00987
1971 -79.1955 1 5 9.50927
2132 -77.1948 1 1 7.10914
711 -77.4336 1 2 5.75633
1649 -76.1943 3 2 3.71954
1810 -76.1327 2 1 5.44952
1971 -79.1955 1 5 9.44925
2132 -77.1948 1 1 7.12036
711 -77.4336 1 2 5.63216
1649 -76.1943 3 2 3.6502
1810 -76.1327 2 1 5.34754
1971 -79.1955 1 5 9.26832
2132 -77.1948 1 1 7.02112
711 -77.4336 1 2 5.54315
1649 -76.1943 3 2 3.65983
1810 -76.1327 2 1 5.60654
1971 -79.1955 1 5 9.63511
2132 -77.1948 1 1 6.91073
711 -77.4336 1 2 5.42896
1649 -76.1943 3 2 3.57712
1810 -76.1327 2 1 5.48623
1971 -79.1955 1 5 9.42875
2132 -77.1948 1 1 6.85328
711 -77.4336 1 2 6.02099
1649 -76.1943 3 2 3.52744
1810 -76.1327 2 1 5.45336
1971 -79.1955 1 5 9.71005
2132 -77.1948 1 1 6.97089
711 -77.4336 1 2 5.97496
1649 -76.1943 3 2 3.48518
1810 -76.1327 2 1 5.34376
1971 -79.1955 1 5 9.49781
2132 -77.1948 1 1 6.83767
711 -77.4336 1 2 5.93823
1649 -76.1943 3 2 4.16456
1810 -76.1327 2 1 5.57012
1971 -79.1955 1 5 9.59505
2132 -77.1948 1 1 6.82568
711 -77.4336 1 2 5.87352
1649 -76.1943 3 2 4.10932
1810 -76.1327 2 1 5.49904
1971 -79.1955 1 5 9.48593
2132 -77.1948 1 1 6.72949
711 -77.4336 1 2 6.34817
1649 -76.1943 3 2 4.15661
1810 -76.1327 2 1 6.14488
1971 -79.1955 1 5 9.43787
2132 -77.1948 1 1 6.599
711 -77.4336 1 2 6.19572
1649 -76.1943 3 2 4.06803
1810 -76.1327 2 1 6.02279
1971 -79.1955 1 5 9.32593
2132 -77.1948 1 1 6.52963
711 -77.4336 1 2 6.4016
1649 -76.1943 3 2 4.15638
1810 -76.1327 2 1 6.16952
1971 -79.1955 1 5 9.26023
2132 -77.1948 1 1 6.5815
711 -77.4336 1 2 6.27524
1649 -76.1943 3 2 4.09707
1810 -76.1327 2 1 6.07592
1971 -79.1955 1 5 9.12233
2132 -77.1948 1 1 6.44446
711 -77.4336 1 2 6.49776
1649 -76.1943 3 2 4.10623
1810 -76.1327 2 1 5.96543
1971 -79.1955 1 5 9.35917
2132 -77.1948 1 1 6.75969
711 -77.4336 1 2 6.35976
1649 -76.1943 3 2 4.06263
1810 -76.1327 2 1 5.86237
1971 -79.1955 1 5 9.23902
2132 -77.1948 1 1 6.63426
711 -77.4336 1 2 6.5313
1649 -76.1943 3 2 4.08909
1810 -76.1327 2 1 5.83726
1971 -79.1955 1 5 9.37814
2132 -77.1948 1 1 6.62724
711 -77.4336 1 2 6.41158
1649 -76.1943 3 2 4.04686
1810 -76.1327 2 1 5.78967
1971 -79.1955 1 5 9.20217
2132 -77.1948 1 1 6.53088
711 -77.4336 1 2 6.50897
1649 -76.1943 3 2 4.05412
1810 -76.1327 2 1 5.80271
1971 -79.1955 1 5 9.17733
2132 -77.1948 1 1 6.76605
711 -77.4336 1 2 6.39539
1649 -76.1943 3 2 3.99795
1810 -76.1327 2 1 5.72369
1971 -79.1955 1 5 9.00609
2132 -77.1948 1 1 6.68638
711 -77.4336 1 2 6.52653
1649 -76.1943 3 2 4.12224
1810 -76.1327 2 1 5.68993
1971 -79.1955 1 5 9.08349
2132 -77.1948 1 1 6.66961
711 -77.4336 1 2 6.41965
1649 -76.1943 3 2 4.08077
1810 -76.1327 2 1 5.60646
1971 -79.1955 1 5 8.96096
2132 -77.1948 1 1 6.60369
711 -77.4336 1 2 6.58261
1649 -76.1943 3 2 4.14301
1810 -76.1327 2 1 5.62536
1971 -79.1955 1 5 9.13274
2132 -77.1948 1 1 6.59558
711 -77.4336 1 2 6.50687
1649 -76.1943 3 2 4.09332
1810 -76.1327 2 1 5.5495
1971 -79.1955 1 5 9.0557
2132 -77.1948 1 1 6.50614
711 -77.4336 1 2 6.42804
1649 -76.1943 3 2 4.07549
1810 -76.1327 2 1 5.6018
1971 -79.1955 1 5 9.49384
2132 -77.1948 1 1 6.51093
711 -77.4336 1 2 6.31677
1649 -76.1943 3 2 4.0204
1810 -76.1327 2 1 5.54264
1971 -79.1955 1 5 9.3276
2132 -77.1948 1 1 6.42897
711 -77.4336 1 2 6.44593
1649 -76.1943 3 2 4.00878
1810 -76.1327 2 1 5.67396
1971 -79.1955 1 5 9.28837
2132 -77.1948 1 1 6.45714
711 -77.4336 1 2 6.32225
1649 -76.1943 3 2 3.95477
1810 -76.1327 2 1 5.58076
1971 -79.1955 1 5 9.21732
2132 -77.1948 1 1 6.40748
711 -77.4336 1 2 6.31121
1649 -76.1943 3 2 4.16827
1810 -76.1327 2 1 5.74324
1971 -79.1955 1 5 9.27582
2132 -77.1948 1 1 6.28833
711 -77.4336 1 2 6.24949
1649 -76.1943 3 2 4.11539
1810 -76.1327 2 1 5.694
1971 -79.1955 1 5 9.16954
2132 -77.1948 1 1 6.2373
711 -77.4336 1 2 6.20015
1649 -76.1943 3 2 4.19878
1810 -76.1327 2 1 5.94427
1971 -79.1955 1 5 9.74955
2132 -77.1948 1 1 6.75921
711 -77.4336 1 2 6.1106
1649 -76.1943 3 2 4.15119
1810 -76.1327 2 1 5.86952
1971 -79.1955 1 5 9.58109
2132 -77.1948 1 1 6.7002
711 -77.4336 1 2 6.17304
1649 -76.1943 3 2 4.56756
1810 -76.1327 2 1 6.13688
1971 -79.1955 1 5 9.52067
2132 -77.1948 1 1 6.61467
711 -77.4336 1 2 6.07942
1649 -76.1943 3 2 4.4998
1810 -76.1327 2 1 6.06204
1971 -79.1955 1 5 9.47413
2132 -77.1948 1 1 6.55626
711 -77.4336 1 2 6.04066
1649 -76.1943 3 2 4.50856
1810 -76.1327 2 1 6.00937
1971 -79.1955 1 5 9.99679
2132 -77.1948 1 1 6.47535
711 -77.4336 1 2 5.97137
1649 -76.1943 3 2 4.45571
1810 -76.1327 2 1 5.96429
1971 -79.1955 1 5 9.89334
2132 -77.1948 1 1 6.37964
711 -77.4336 1 2 5.91263
1649 -76.1943 3 2 4.49674
1810 -76.1327 2 1 6.28264
1971 -79.1955 1 5 10.0849
2132 -77.1948 1 1 6.69278
711 -77.4336 1 2 5.84256
1649 -76.1943 3 2 4.44372
1810 -76.1327 2 1 6.19954
1971 -79.1955 1 5 9.9388
2132 -77.1948 1 1 6.62122
711 -77.4336 1 2 5.95097
1649 -76.1943 3 2 4.60128
1810 -76.1327 2 1 6.27529
1971 -79.1955 1 5 9.92093
2132 -77.1948 1 1 6.5766
711 -77.4336 1 2 5.87478
1649 -76.1943 3 2 4.54083
1810 -76.1327 2 1 6.21128
1971 -79.1955 1 5 9.85055
2132 -77.1948 1 1 6.4989
711 -77.4336 1 2 5.87745
1649 -76.1943 3 2 4.52836
1810 -76.1327 2 1 6.2526
1971 -79.1955 1 5 9.73392
2132 -77.1948 1 1 6.45186
711 -77.4336 1 2 5.83946
1649 -76.1943 3 2 4.4851
1810 -76.1327 2 1 6.18747
1971 -79.1955 1 5 9.6513
2132 -77.1948 1 1 6.38057
711 -77.4336 1 2 5.78891
1649 -76.1943 3 2 4.57239
1810 -76.1327 2 1 6.1929
1971 -79.1955 1 5 9.79777
2132 -77.1948 1 1 6.31946
711 -77.4336 1 2 5.72221
1649 -76.1943 3 2 4.52697
1810 -76.1327 2 1 6.10915
1971 -79.1955 1 5 9.72608
2132 -77.1948 1 1 6.23496
711 -77.4336 1 2 5.73657
1649 -76.1943 3 2 4.70141
1810 -76.1327 2 1 6.09041
1971 -79.1955 1 5 9.75617
2132 -77.1948 1 1 6.20956
711 -77.4336 1 2 5.68069
1649 -76.1943 3 2 4.68381
1810 -76.1327 2 1 6.04349
1971 -79.1955 1 5 9.63442
2132 -77.1948 1 1 6.17059
711 -77.4336 1 2 5.66537
1649 -76.1943 3 2 5.87534
1810 -76.1327 2 1 5.99996
1971 -79.1955 1 5 9.69697
2132 -77.1948 1 1 6.11043
711 -77.4336 1 2 5.59328
1649 -76.1943 3 2 5.79831
1810 -76.1327 2 1 5.91882
1971 -79.1955 1 5 9.62535
2132 -77.1948 1 1 6.04815
711 -77.4336 1 2 5.56511
1649 -76.1943 3 2 5.86054
1810 -76.1327 2 1 5.87628
1971 -79.1955 1 5 9.76002
2132 -77.1948 1 1 6.05368
711 -77.4336 1 2 5.46829
1649 -76.1943 3 2 5.81427
1810 -76.1327 2 1 5.80315
1971 -79.1955 1 5 9.63826
2132 -77.1948 1 1 5.96837
711 -77.4336 1 2 5.44937
1649 -76.1943 3 2 6.32883
1810 -76.1327 2 1 5.85315
1971 -79.1955 1 5 9.70971
2132 -77.1948 1 1 6.19277
711 -77.4336 1 2 5.3948
1649 -76.1943 3 2 6.24829
1810 -76.1327 2 1 5.76137
1971 -79.1955 1 5 9.63594
2132 -77.1948 1 1 6.12842
711 -77.4336 1 2 5.39252
1649 -76.1943 3 2 6.23052
1810 -76.1327 2 1 5.78567
1971 -79.1955 1 5 9.71191
2132 -77.1948 1 1 6.13462
711 -77.4336 1 2 5.35323
1649 -76.1943 3 2 6.19387
1810 -76.1327 2 1 5.73033
1971 -79.1955 1 5 9.61247
2132 -77.1948 1 1 6.0497
711 -77.4336 1 2 5.70687
1649 -76.1943 3 2 6.31132
1810 -76.1327 2 1 5.8158
1971 -79.1955 1 5 10.1706
2132 -77.1948 1 1 6.00521
711 -77.4336 1 2 5.65976
1649 -76.1943 3 2 6.24607
1810 -76.1327 2 1 5.76289
1971 -79.1955 1 5 10.0471
2132 -77.1948 1 1 5.94663
711 -77.4336 1 2 5.68493
1649 -76.1943 3 2 6.42747
1810 -76.1327 2 1 5.85778
1971 -79.1955 1 5 10.0985
2132 -77.1948 1 1 6.03507
711 -77.4336 1 2 5.65206
1649 -76.1943 3 2 6.38106
1810 -76.1327 2 1 5.79778
1971 -79.1955 1 5 10.0223
2132 -77.1948 1 1 5.95564
711 -77.4336 1 2 5.64235
1649 -76.1943 3 2 6.4643
1810 -76.1327 2 1 5.84754
1971 -79.1955 1 5 10.2865
2132 -77.1948 1 1 5.91435
711 -77.4336 1 2 5.61622
1649 -76.1943 3 2 6.42061
1810 -76.1327 2 1 5.79247
1971 -79.1955 1 5 10.1515
2132 -77.1948 1 1 5.84846
711 -77.4336 1 2 5.80615
1649 -76.1943 3 2 6.39991
1810 -76.1327 2 1 5.87253
1971 -79.1955 1 5 10.2174
2132 -77.1948 1 1 5.99119
711 -77.4336 1 2 5.74451
1649 -76.1943 3 2 6.31017
1810 -76.1327 2 1 5.81041
1971 -79.1955 1 5 10.128
2132 -77.1948 1 1 5.96756
711 -77.4336 1 2 5.74111
1649 -76.1943 3 2 6.33656
1810 -76.1327 2 1 5.79192
1971 -79.1955 1 5 10.1455
2132 -77.1948 1 1 5.94683
711 -77.4336 1 2 5.70524
1649 -76.1943 3 2 6.28006
1810 -76.1327 2 1 5.74942
1971 -79.1955 1 5 10.0472
2132 -77.1948 1 1 5.88752
711 -77.4336 1 2 5.68278
1649 -76.1943 3 2 6.30417
1810 -76.1327 2 1 5.71055
1971 -79.1955 1 5 10.3015
2132 -77.1948 1 1 5.84178
711 -77.4336 1 2 5.62553
1649 -76.1943 3 2 6.23764
1810 -76.1327 2 1 5.6862
1971 -79.1955 1 5 10.184
2132 -77.1948 1 1 5.79662
711 -77.4336 1 2 5.68435
1649 -76.1943 3 2 6.20874
1810 -76.1327 2 1 5.70058
1971 -79.1955 1 5 10.3096
2132 -77.1948 1 1 5.84998
711 -77.4336 1 2 5.63196
1649 -76.1943 3 2 6.14012
1810 -76.1327 2 1 5.675
1971 -79.1955 1 5 10.2656
2132 -77.1948 1 1 5.77663
711 -77.4336 1 2 5.61632
1649 -76.1943 3 2 6.12493
1810 -76.1327 2 1 5.63743
1971 -79.1955 1 5 10.1895
2132 -77.1948 1 1 5.74426
711 -77.4336 1 2 5.57331
1649 -76.1943 3 2 6.06592
1810 -76.1327 2 1 5.58845
1971 -79.1955 1 5 10.1015
2132 -77.1948 1 1 5.69297
711 -77.4336 1 2 5.60361
1649 -76.1943 3 2 6.10762
1810 -76.1327 2 1 5.55368
1971 -79.1955 1 5 10.6317
2132 -77.1948 1 1 5.6673
711 -77.4336 1 2 5.55316
1649 -76.1943 3 2 6.04979
1810 -76.1327 2 1 5.49196
1971 -79.1955 1 5 10.4964
2132 -77.1948 1 1 5.60934
711 -77.4336 1 2 5.53751
1649 -76.1943 3 2 6.0191
1810 -76.1327 2 1 5.68576
1971 -79.1955 1 5 10.5669
2132 -77.1948 1 1 5.63402
711 -77.4336 1 2 5.47082
1649 -76.1943 3 2 5.94986
1810 -76.1327 2 1 5.62097
1971 -79.1955 1 5 10.4915
2132 -77.1948 1 1 5.61747
711 -77.4336 1 2 5.47611
1649 -76.1943 3 2 5.94422
1810 -76.1327 2 1 5.60915
1971 -79.1955 1 5 10.5901
2132 -77.1948 1 1 5.58046
711 -77.4336 1 2 5.43085
1649 -76.1943 3 2 5.91927
1810 -76.1327 2 1 5.56287
1971 -79.1955 1 5 10.5326
2132 -77.1948 1 1 5.5479
711 -77.4336 1 2 5.50607
1649 -76.1943 3 2 5.87071
1810 -76.1327 2 1 5.6381
1971 -79.1955 1 5 10.593
2132 -77.1948 1 1 5.52875
711 -77.4336 1 2 5.45399
1649 -76.1943 3 2 5.8122
1810 -76.1327 2 1 5.58494
1971 -79.1955 1 5 10.4622
2132 -77.1948 1 1 5.48448
711 -77.4336 1 2 5.59695
1649 -76.1943 3 2 5.83868
1810 -76.1327 2 1 5.85766
1971 -79.1955 1 5 10.3929
2132 -77.1948 1 1 5.45118
711 -77.4336 1 2 5.55722
1649 -76.1943 3 2 5.795
1810 -76.1327 2 1 5.79304
1971 -79.1955 1 5 10.3149
2132 -77.1948 1 1 5.40964
711 -77.4336 1 2 5.64776
1649 -76.1943 3 2 5.82801
1810 -76.1327 2 1 5.77442
1971 -79.1955 1 5 10.5522
2132 -77.1948 1 1 5.43029
711 -77.4336 1 2 5.60691
1649 -76.1943 3 2 5.78262
1810 -76.1327 2 1 5.72887
1971 -79.1955 1 5 10.4763
2132 -77.1948 1 1 5.38433
711 -77.4336 1 2 5.66084
1649 -76.1943 3 2 5.73344
1810 -76.1327 2 1 5.67844
1971 -79.1955 1 5 10.5952
2132 -77.1948 1 1 5.3854
711 -77.4336 1 2 5.62439
1649 -76.1943 3 2 5.69081
1810 -76.1327 2 1 5.6399
1971 -79.1955 1 5 10.5245
2132 -77.1948 1 1 5.34806
711 -77.4336 1 2 5.60727
1649 -76.1943 3 2 5.67624
1810 -76.1327 2 1 5.76281
1971 -79.1955 1 5 10.6178
2132 -77.1948 1 1 5.31452
711 -77.4336 1 2 5.5748
1649 -76.1943 3 2 5.62449
1810 -76.1327 2 1 5.73214
1971 -79.1955 1 5 10.5792
2132 -77.1948 1 1 5.26786
711 -77.4336 1 2 5.52114
1649 -76.1943 3 2 5.85405
1810 -76.1327 2 1 5.7117
1971 -79.1955 1 5 11.0161
2132 -77.1948 1 1 5.22771
711 -77.4336 1 2 5.4931
1649 -76.1943 3 2 5.81007
1810 -76.1327 2 1 5.66662
1971 -79.1955 1 5 10.9839
2132 -77.1948 1 1 5.19049
711 -77.4336 1 2 5.76912
1649 -76.1943 3 2 5.79211
1810 -76.1327 2 1 5.81149
1971 -79.1955 1 5 11.0049
2132 -77.1948 1 1 5.34136
711 -77.4336 1 2 5.72654
1649 -76.1943 3 2 5.75805
1810 -76.1327 2 1 5.78871
1971 -79.1955 1 5 10.9046
2132 -77.1948 1 1 5.31727
711 -77.4336 1 2 5.72266
1649 -76.1943 3 2 5.90314
1810 -76.1327 2 1 5.81704
1971 -79.1955 1 5 11.0821
2132 -77.1948 1 1 5.34238
711 -77.4336 1 2 5.68314
1649 -76.1943 3 2 5.85462
1810 -76.1327 2 1 5.78427
1971 -79.1955 1 5 11.0186
2132 -77.1948 1 1 5.30178
711 -77.4336 1 2 5.67221
1649 -76.1943 3 2 5.8179
1810 -76.1327 2 1 5.72306
1971 -79.1955 1 5 10.9547
2132 -77.1948 1 1 5.33999
711 -77.4336 1 2 5.6317
1649 -76.1943 3 2 5.80406
1810 -76.1327 2 1 5.68367
1971 -79.1955 1 5 10.8901
2132 -77.1948 1 1 5.30678
711 -77.4336 1 2 5.59793
1649 -76.1943 3 2 5.76133
1810 -76.1327 2 1 5.68998
1971 -79.1955 1 5 11.0435
2132 -77.1948 1 1 5.2879
711 -77.4336 1 2 5.55358
1649 -76.1943 3 2 5.72064
1810 -76.1327 2 1 5.64945
1971 -79.1955 1 5 10.957
2132 -77.1948 1 1 5.24983
711 -77.4336 1 2 5.60281
1649 -76.1943 3 2 5.68409
1810 -76.1327 2 1 5.82584
1971 -79.1955 1 5 11.3286
2132 -77.1948 1 1 5.25788
711 -77.4336 1 2 5.56274
1649 -76.1943 3 2 5.64358
1810 -76.1327 2 1 5.77261
1971 -79.1955 1 5 11.2425
2132 -77.1948 1 1 5.23089
711 -77.4336 1 2 5.54533
1649 -76.1943 3 2 5.61914
1810 -76.1327 2 1 5.78625
1971 -79.1955 1 5 11.3605
2132 -77.1948 1 1 5.20104
711 -77.4336 1 2 5.50912
1649 -76.1943 3 2 5.57708
1810 -76.1327 2 1 5.73745
1971 -79.1955 1 5 11.3306
2132 -77.1948 1 1 5.17171
711 -77.4336 1 2 5.49937
1649 -76.1943 3 2 5.54993
1810 -76.1327 2 1 5.82928
1971 -79.1955 1 5 11.3067
2132 -77.1948 1 1 5.127
711 -77.4336 1 2 5.45293
1649 -76.1943 3 2 5.50969
1810 -76.1327 2 1 5.79681
1971 -79.1955 1 5 11.2646
2132 -77.1948 1 1 5.10709
711 -77.4336 1 2 5.44176
1649 -76.1943 3 2 5.59545
1810 -76.1327 2 1 5.85485
1971 -79.1955 1 5 11.2051
2132 -77.1948 1 1 5.16315
711 -77.4336 1 2 5.40651
1649 -76.1943 3 2 5.55516
1810 -76.1327 2 1 5.83679
1971 -79.1955 1 5 11.1092
2132 -77.1948 1 1 5.13581
711 -77.4336 1 2 5.42978
1649 -76.1943 3 2 5.55802
1810 -76.1327 2 1 5.80465
1971 -79.1955 1 5 11.1048
2132 -77.1948 1 1 5.14694
711 -77.4336 1 2 5.40183
1649 -76.1943 3 2 5.51895
1810 -76.1327 2 1 5.75721
1971 -79.1955 1 5 11.0328
2132 -77.1948 1 1 5.10962
711 -77.4336 1 2 5.47741
1649 -76.1943 3 2 5.61493
1810 -76.1327 2 1 5.76483
1971 -79.1955 1 5 11.099
2132 -77.1948 1 1 5.09163
711 -77.4336 1 2 5.44838
1649 -76.1943 3 2 5.56911
1810 -76.1327 2 1 5.73287
1971 -79.1955 1 5 11.0089
2132 -77.1948 1 1 5.06043
711 -77.4336 1 2 5.41685
1649 -76.1943 3 2 5.70507
1810 -76.1327 2 1 5.72435
1971 -79.1955 1 5 11.1571
2132 -77.1948 1 1 5.05287
711 -77.4336 1 2 5.38375
1649 -76.1943 3 2 5.6777
1810 -76.1327 2 1 5.69692
1971 -79.1955 1 5 11.1115
2132 -77.1948 1 1 5.02491
711 -77.4336 1 2 5.46804
1649 -76.1943 3 2 5.66169
1810 -76.1327 2 1 5.69314
1971 -79.1955 1 5 11.0194
2132 -77.1948 1 1 5.05377
711 -77.4336 1 2 5.42254
1649 -76.1943 3 2 5.61768
1810 -76.1327 2 1 5.65702
1971 -79.1955 1 5 10.9714
2132 -77.1948 1 1 5.01369
711 -77.4336 1 2 5.39052
1649 -76.1943 3 2 5.57657
1810 -76.1327 2 1 5.65874
1971 -79.1955 1 5 11.0189
2132 -77.1948 1 1 5.02538
711 -77.4336 1 2 5.35712
1649 -76.1943 3 2 5.55229
1810 -76.1327 2 1 5.60184
1971 -79.1955 1 5 10.9573
2132 -77.1948 1 1 4.99121
711 -77.4336 1 2 5.37949
1649 -76.1943 3 2 5.56134
1810 -76.1327 2 1 5.62313
1971 -79.1955 1 5 11.236
2132 -77.1948 1 1 4.96233
711 -77.4336 1 2 5.33687
1649 -76.1943 3 2 5.51236
1810 -76.1327 2 1 5.59284
1971 -79.1955 1 5 11.1579
2132 -77.1948 1 1 4.93293
711 -77.4336 1 2 5.40425
1649 -76.1943 3 2 5.59202
1810 -76.1327 2 1 5.58211
1971 -79.1955 1 5 11.3684
2132 -77.1948 1 1 4.9542
711 -77.4336 1 2 5.38242
1649 -76.1943 3 2 5.55105
1810 -76.1327 2 1 5.54806
1971 -79.1955 1 5 11.2871
2132 -77.1948 1 1 4.91525
711 -77.4336 1 2 5.35714
1649 -76.1943 3 2 5.6001
1810 -76.1327 2 1 5.52922
1971 -79.1955 1 5 11.3532
2132 -77.1948 1 1 4.89142
711 -77.4336 1 2 5.33613
1649 -76.1943 3 2 5.57445
1810 -76.1327 2 1 5.48816
1971 -79.1955 1 5 11.282
2132 -77.1948 1 1 4.87241
711 -77.4336 1 2 5.29954
1649 -76.1943 3 2 5.58605
1810 -76.1327 2 1 5.47552
1971 -79.1955 1 5 11.3241
2132 -77.1948 1 1 4.99859
711 -77.4336 1 2 5.27959
1649 -76.1943 3 2 5.55773
1810 -76.1327 2 1 5.45454
1971 -79.1955 1 5 11.2282
2132 -77.1948 1 1 4.97051
711 -77.4336 1 2 5.263
1649 -76.1943 3 2 5.53796
1810 -76.1327 2 1 5.50819
1971 -79.1955 1 5 11.3789
2132 -77.1948 1 1 4.99292
711 -77.4336 1 2 5.2459
1649 -76.1943 3 2 5.50423
1810 -76.1327 2 1 5.47611
1971 -79.1955 1 5 11.3287
2132 -77.1948 1 1 4.95773
711 -77.4336 1 2 5.23019
1649 -76.1943 3 2 5.52419
1810 -76.1327 2 1 5.46532
1971 -79.1955 1 5 11.3022
2132 -77.1948 1 1 5.02403
711 -77.4336 1 2 5.18487
1649 -76.1943 3 2 5.4994
1810 -76.1327 2 1 5.43165
1971 -79.1955 1 5 11.2304
2132 -77.1948 1 1 4.98781
711 -77.4336 1 2 5.22194
1649 -76.1943 3 2 5.4737
1810 -76.1327 2 1 5.71316
1971 -79.1955 1 5 11.2579
2132 -77.1948 1 1 5.05732
711 -77.4336 1 2 5.18071
1649 -76.1943 3 2 5.45622
1810 -76.1327 2 1 5.67352
1971 -79.1955 1 5 11.2108
2132 -77.1948 1 1 5.04384
711 -77.4336 1 2 5.20016
1649 -76.1943 3 2 5.42025
1810 -76.1327 2 1 5.72353
1971 -79.1955 1 5 11.3176
2132 -77.1948 1 1 5.17523
711 -77.4336 1 2 5.1812
1649 -76.1943 3 2 5.39036
1810 -76.1327 2 1 5.70213
1971 -79.1955 1 5 11.2435
2132 -77.1948 1 1 5.14836
711 -77.4336 1 2 5.38678
1649 -76.1943 3 2 5.36347
1810 -76.1327 2 1 5.71734
1971 -79.1955 1 5 11.2427
2132 -77.1948 1 1 5.29636
711 -77.4336 1 2 5.35294
1649 -76.1943 3 2 5.33126
1810 -76.1327 2 1 5.68583
1971 -79.1955 1 5 11.1897
2132 -77.1948 1 1 5.26375
711 -77.4336 1 2 5.33459
1649 -76.1943 3 2 5.42244
1810 -76.1327 2 1 5.67596
1971 -79.1955 1 5 11.1377
2132 -77.1948 1 1 5.2542
711 -77.4336 1 2 5.29814
1649 -76.1943 3 2 5.40246
1810 -76.1327 2 1 5.64124
1971 -79.1955 1 5 11.0712
2132 -77.1948 1 1 5.22044
711 -77.4336 1 2 5.41646
1649 -76.1943 3 2 5.38511
1810 -76.1327 2 1 5.62133
1971 -79.1955 1 5 11.3164
2132 -77.1948 1 1 5.30009
711 -77.4336 1 2 5.39525
1649 -76.1943 3 2 5.35372
1810 -76.1327 2 1 5.60653
1971 -79.1955 1 5 11.2477
2132 -77.1948 1 1 5.28229
711 -77.4336 1 2 5.36334
1649 -76.1943 3 2 5.35402
1810 -76.1327 2 1 5.58067
1971 -79.1955 1 5 11.3833
2132 -77.1948 1 1 5.28508
711 -77.4336 1 2 5.35215
1649 -76.1943 3 2 5.33528
1810 -76.1327 2 1 5.55916
1971 -79.1955 1 5 11.3298
2132 -77.1948 1 1 5.26087
711 -77.4336 1 2 5.40904
1649 -76.1943 3 2 5.55232
1810 -76.1327 2 1 5.57286
1971 -79.1955 1 5 11.3655
2132 -77.1948 1 1 5.23971
711 -77.4336 1 2 5.39425
1649 -76.1943 3 2 5.52493
1810 -76.1327 2 1 5.56111
1971 -79.1955 1 5 11.2925
2132 -77.1948 1 1 5.21648
711 -77.4336 1 2 5.40545
1649 -76.1943 3 2 5.48559
1810 -76.1327 2 1 5.57758
1971 -79.1955 1 5 11.2781
2132 -77.1948 1 1 5.19028
711 -77.4336 1 2 5.37469
1649 -76.1943 3 2 5.46868
1810 -76.1327 2 1 5.56342
1971 -79.1955 1 5 11.217
2132 -77.1948 1 1 5.16781
711 -77.4336 1 2 5.40047
1649 -76.1943 3 2 5.45754
1810 -76.1327 2 1 5.52677
1971 -79.1955 1 5 11.2984
2132 -77.1948 1 1 5.29005
711 -77.4336 1 2 5.36617
1649 -76.1943 3 2 5.43952
1810 -76.1327 2 1 5.49869
1971 -79.1955 1 5 11.2221
2132 -77.1948 1 1 5.26048
711 -77.4336 1 2 5.3975
1649 -76.1943 3 2 5.4703
1810 -76.1327 2 1 5.50759
1971 -79.1955 1 5 11.3739
2132 -77.1948 1 1 5.26088
711 -77.4336 1 2 5.36914
1649 -76.1943 3 2 5.42519
1810 -76.1327 2 1 5.46628
1971 -79.1955 1 5 11.315
2132 -77.1948 1 1 5.22896
711 -77.4336 1 2 5.34652
1649 -76.1943 3 2 5.43793
1810 -76.1327 2 1 5.48468
1971 -79.1955 1 5 11.3809
2132 -77.1948 1 1 5.21793
711 -77.4336 1 2 5.32492
1649 -76.1943 3 2 5.40538
1810 -76.1327 2 1 5.46579
1971 -79.1955 1 5 11.3071
2132 -77.1948 1 1 5.20304
711 -77.4336 1 2 5.33494
1649 -76.1943 3 2 5.39591
1810 -76.1327 2 1 5.44662
1971 -79.1955 1 5 11.2952
2132 -77.1948 1 1 5.1945
711 -77.4336 1 2 5.30345
1649 -76.1943 3 2 5.3563
1810 -76.1327 2 1 5.42336
1971 -79.1955 1 5 11.2361
2132 -77.1948 1 1 5.17307
711 -77.4336 1 2 5.33057
1649 -76.1943 3 2 5.38995
1810 -76.1327 2 1 5.40477
1971 -79.1955 1 5 11.2936
2132 -77.1948 1 1 5.3126
711 -77.4336 1 2 5.29232
1649 -76.1943 3 2 5.36257
1810 -76.1327 2 1 5.37269
1971 -79.1955 1 5 11.2481
2132 -77.1948 1 1 5.27952
711 -77.4336 1 2 5.32948
1649 -76.1943 3 2 5.34533
1810 -76.1327 2 1 5.36741
1971 -79.1955 1 5 11.3163
2132 -77.1948 1 1 5.35027
711 -77.4336 1 2 5.30884
1649 -76.1943 3 2 5.30374
1810 -76.1327 2 1 5.35753
1971 -79.1955 1 5 11.2459
2132 -77.1948 1 1 5.3234
711 -77.4336 1 2 5.30115
1649 -76.1943 3 2 5.34483
1810 -76.1327 2 1 5.38215
1971 -79.1955 1 5 11.2663
2132 -77.1948 1 1 5.30817
711 -77.4336 1 2 5.26108
1649 -76.1943 3 2 5.30993
1810 -76.1327 2 1 5.3488
1971 -79.1955 1 5 11.2184
2132 -77.1948 1 1 5.28279
711 -77.4336 1 2 5.25519
1649 -76.1943 3 2 5.29373
1810 -76.1327 2 1 5.45564
1971 -79.1955 1 5 11.3245
2132 -77.1948 1 1 5.27443
711 -77.4336 1 2 5.2301
1649 -76.1943 3 2 5.25693
1810 -76.1327 2 1 5.4234
1971 -79.1955 1 5 11.2547
2132 -77.1948 1 1 5.23906
711 -77.4336 1 2 5.22352
1649 -76.1943 3 2 5.24945
1810 -76.1327 2 1 5.41708
1971 -79.1955 1 5 11.3413
2132 -77.1948 1 1 5.23324
711 -77.4336 1 2 5.19826
1649 -76.1943 3 2 5.21847
1810 -76.1327 2 1 5.38146
1971 -79.1955 1 5 11.2788
2132 -77.1948 1 1 5.20279
711 -77.4336 1 2 5.19121
1649 -76.1943 3 2 5.19128
1810 -76.1327 2 1 5.39045
1971 -79.1955 1 5 11.3166
2132 -77.1948 1 1 5.21504
711 -77.4336 1 2 5.16433
1649 -76.1943 3 2 5.17006
1810 -76.1327 2 1 5.37296
1971 -79.1955 1 5 11.2741
2132 -77.1948 1 1 5.18477
711 -77.4336 1 2 5.23694
1649 -76.1943 3 2 5.18804
1810 -76.1327 2 1 5.43462
1971 -79.1955 1 5 11.3372
2132 -77.1948 1 1 5.18928
711 -77.4336 1 2 5.20622
1649 -76.1943 3 2 5.17103
1810 -76.1327 2 1 5.40786
1971 -79.1955 1 5 11.2556
2132 -77.1948 1 1 5.16912
711 -77.4336 1 2 5.2033
1649 -76.1943 3 2 5.16198
1810 -76.1327 2 1 5.42694
1971 -79.1955 1 5 11.4729
2132 -77.1948 1 1 5.23294
711 -77.4336 1 2 5.18102
1649 -76.1943 3 2 5.13493
1810 -76.1327 2 1 5.41223
1971 -79.1955 1 5 11.4266
2132 -77.1948 1 1 5.19776
711 -77.4336 1 2 5.29233
1649 -76.1943 3 2 5.14603
1810 -76.1327 2 1 5.43026
1971 -79.1955 1 5 11.4153
2132 -77.1948 1 1 5.1771
711 -77.4336 1 2 5.26718
1649 -76.1943 3 2 5.12259
1810 -76.1327 2 1 5.40333
1971 -79.1955 1 5 11.362
2132 -77.1948 1 1 5.15818
711 -77.4336 1 2 5.27212
1649 -76.1943 3 2 5.13519
1810 -76.1327 2 1 5.38858
1971 -79.1955 1 5 11.3504
2132 -77.1948 1 1 5.17866
711 -77.4336 1 2 5.24794
1649 -76.1943 3 2 5.12058
1810 -76.1327 2 1 5.36922
1971 -79.1955 1 5 11.2871
2132 -77.1948 1 1 5.16474
711 -77.4336 1 2 5.25291
1649 -76.1943 3 2 5.11488
1810 -76.1327 2 1 5.34961
1971 -79.1955 1 5 11.3058
2132 -77.1948 1 1 5.24195
711 -77.4336 1 2 5.23854
1649 -76.1943 3 2 5.09495
1810 -76.1327 2 1 5.33147
1971 -79.1955 1 5 11.2494
2132 -77.1948 1 1 5.21287
711 -77.4336 1 2 5.2189
1649 -76.1943 3 2 5.09648
1810 -76.1327 2 1 5.3106
1971 -79.1955 1 5 11.2749
2132 -77.1948 1 1 5.26073
711 -77.4336 1 2 5.20573
1649 -76.1943 3 2 5.06542
1810 -76.1327 2 1 5.29132
1971 -79.1955 1 5 11.2342
2132 -77.1948 1 1 5.2344
711 -77.4336 1 2 5.23312
1649 -76.1943 3 2 5.10691
1810 -76.1327 2 1 5.26941
1971 -79.1955 1 5 11.2393
2132 -77.1948 1 1 5.22488
711 -77.4336 1 2 5.21131
1649 -76.1943 3 2 5.08442
1810 -76.1327 2 1 5.24315
1971 -79.1955 1 5 11.1872
2132 -77.1948 1 1 5.19167
711 -77.4336 1 2 5.25761
1649 -76.1943 3 2 5.09214
1810 -76.1327 2 1 5.22446
1971 -79.1955 1 5 11.2443
2132 -77.1948 1 1 5.26165
711 -77.4336 1 2 5.23137
1649 -76.1943 3 2 5.08176
1810 -76.1327 2 1 5.20787
1971 -79.1955 1 5 11.199
2132 -77.1948 1 1 5.23526
711 -77.4336 1 2 5.2412
1649 -76.1943 3 2 5.06864
1810 -76.1327 2 1 5.18813
1971 -79.1955 1 5 11.4615
2132 -77.1948 1 1 5.23164
711 -77.4336 1 2 5.20859
1649 -76.1943 3 2 5.04387
1810 -76.1327 2 1 5.16557
1971 -79.1955 1 5 11.4176
2132 -77.1948 1 1 5.21512
711 -77.4336 1 2 5.33175
1649 -76.1943 3 2 5.03871
1810 -76.1327 2 1 5.14184
1971 -79.1955 1 5 11.4236
2132 -77.1948 1 1 5.21285
711 -77.4336 1 2 5.31066
1649 -76.1943 3 2 5.01442
1810 -76.1327 2 1 5.12768
1971 -79.1955 1 5 11.3608
2132 -77.1948 1 1 5.18033
711 -77.4336 1 2 5.29223
1649 -76.1943 3 2 5.02104
1810 -76.1327 2 1 5.13235
1971 -79.1955 1 5 11.3714
2132 -77.1948 1 1 5.34103
711 -77.4336 1 2 5.26692
1649 -76.1943 3 2 4.99627
1810 -76.1327 2 1 5.11675
1971 -79.1955 1 5 11.301
2132 -77.1948 1 1 5.31598
711 -77.4336 1 2 5.24664
1649 -76.1943 3 2 5.00272
1810 -76.1327 2 1 5.13779
1971 -79.1955 1 5 11.2875
2132 -77.1948 1 1 5.3165
711 -77.4336 1 2 5.23044
1649 -76.1943 3 2 4.97714
1810 -76.1327 2 1 5.1224
1971 -79.1955 1 5 11.2504
2132 -77.1948 1 1 5.28583
711 -77.4336 1 2 5.27714
1649 -76.1943 3 2 5.13668
1810 -76.1327 2 1 5.2112
1971 -79.1955 1 5 11.2373
2132 -77.1948 1 1 5.30464
711 -77.4336 1 2 5.25047
1649 -76.1943 3 2 5.12651
1810 -76.1327 2 1 5.17957
1971 -79.1955 1 5 11.1793
2132 -77.1948 1 1 5.27373
711 -77.4336 1 2 5.24986
1649 -76.1943 3 2 5.1253
1810 -76.1327 2 1 5.23472
1971 -79.1955 1 5 11.3352
2132 -77.1948 1 1 5.2569
711 -77.4336 1 2 5.22255
1649 -76.1943 3 2 5.11167
1810 -76.1327 2 1 5.20795
1971 -79.1955 1 5 11.2919
2132 -77.1948 1 1 5.23613
711 -77.4336 1 2 5.22082
1649 -76.1943 3 2 5.13156
1810 -76.1327 2 1 5.21941
1971 -79.1955 1 5 11.3862
2132 -77.1948 1 1 5.21891
711 -77.4336 1 2 5.1875
1649 -76.1943 3 2 5.10373
1810 -76.1327 2 1 5.20112
1971 -79.1955 1 5 11.3556
2132 -77.1948 1 1 5.20527
711 -77.4336 1 2 5.24401
1649 -76.1943 3 2 5.14269
1810 -76.1327 2 1 5.17734
1971 -79.1955 1 5 11.5806
2132 -77.1948 1 1 5.20876
711 -77.4336 1 2 5.21914
1649 -76.1943 3 2 5.12887
1810 -76.1327 2 1 5.16663
1971 -79.1955 1 5 11.5241
2132 -77.1948 1 1 5.19232
711 -77.4336 1 2 5.23307
1649 -76.1943 3 2 5.12573
1810 -76.1327 2 1 5.14308
1971 -79.1955 1 5 11.6055
2132 -77.1948 1 1 5.20214
711 -77.4336 1 2 5.20395
1649 -76.1943 3 2 5.10296
1810 -76.1327 2 1 5.10976
1971 -79.1955 1 5 11.5712
2132 -77.1948 1 1 5.1917
711 -77.4336 1 2 5.19479
1649 -76.1943 3 2 5.0919
1810 -76.1327 2 1 5.29522
1971 -79.1955 1 5 11.6805
2132 -77.1948 1 1 5.17081
711 -77.4336 1 2 5.16977
1649 -76.1943 3 2 5.06096
1810 -76.1327 2 1 5.28389
1971 -79.1955 1 5 11.6424
2132 -77.1948 1 1 5.15835
711 -77.4336 1 2 5.16043
1649 -76.1943 3 2 5.18688
1810 -76.1327 2 1 5.32377
1971 -79.1955 1 5 11.6427
2132 -77.1948 1 1 5.14891
711 -77.4336 1 2 5.14602
1649 -76.1943 3 2 5.16438
1810 -76.1327 2 1 5.31142
1971 -79.1955 1 5 11.5804
2132 -77.1948 1 1 5.12039
711 -77.4336 1 2 5.15453
1649 -76.1943 3 2 5.21637
1810 -76.1327 2 1 5.35425
1971 -79.1955 1 5 11.6207
2132 -77.1948 1 1 5.1012
711 -77.4336 1 2 5.13331
1649 -76.1943 3 2 5.21016
1810 -76.1327 2 1 5.32677
1971 -79.1955 1 5 11.5951
2132 -77.1948 1 1 5.08506
711 -77.4336 1 2 5.14485
1649 -76.1943 3 2 5.17799
1810 -76.1327 2 1 5.3382
1971 -79.1955 1 5 11.5566
2132 -77.1948 1 1 5.06463
711 -77.4336 1 2 5.12149
1649 -76.1943 3 2 5.16325
1810 -76.1327 2 1 5.32002
1971 -79.1955 1 5 11.5215
2132 -77.1948 1 1 5.04953
711 -77.4336 1 2 5.18151
1649 -76.1943 3 2 5.18024
1810 -76.1327 2 1 5.29413
1971 -79.1955 1 5 11.6007
2132 -77.1948 1 1 5.03798
711 -77.4336 1 2 5.15488
1649 -76.1943 3 2 5.15967
1810 -76.1327 2 1 5.27257
1971 -79.1955 1 5 11.5505
2132 -77.1948 1 1 5.01651
711 -77.4336 1 2 5.161
1649 -76.1943 3 2 5.13853
1810 -76.1327 2 1 5.27724
1971 -79.1955 1 5 11.662
2132 -77.1948 1 1 4.99637
711 -77.4336 1 2 5.14537
1649 -76.1943 3 2 5.13113
1810 -76.1327 2 1 5.25481
1971 -79.1955 1 5 11.6162
2132 -77.1948 1 1 4.98606
711 -77.4336 1 2 5.25571
1649 -76.1943 3 2 5.17712
1810 -76.1327 2 1 5.26312
1971 -79.1955 1 5 11.624
2132 -77.1948 1 1 4.96901
711 -77.4336 1 2 5.23243
1649 -76.1943 3 2 5.14863
1810 -76.1327 2 1 5.24369
1971 -79.1955 1 5 11.5738
2132 -77.1948 1 1 4.94638
711 -77.4336 1 2 5.22916
1649 -76.1943 3 2 5.14633
1810 -76.1327 2 1 5.22212
1971 -79.1955 1 5 11.6396
2132 -77.1948 1 1 4.97198
711 -77.4336 1 2 5.21584
1649 -76.1943 3 2 5.12469
1810 -76.1327 2 1 5.21383
1971 -79.1955 1 5 11.5846
2132 -77.1948 1 1 4.95764
711 -77.4336 1 2 5.21614
1649 -76.1943 3 2 5.12842
1810 -76.1327 2 1 5.23676
1971 -79.1955 1 5 11.5625
2132 -77.1948 1 1 4.93607
711 -77.4336 1 2 5.20017
1649 -76.1943 3 2 5.09708
1810 -76.1327 2 1 5.22119
1971 -79.1955 1 5 11.5167
2132 -77.1948 1 1 4.92719
711 -77.4336 1 2 5.2111
1649 -76.1943 3 2 5.09257
1810 -76.1327 2 1 5.19944
1971 -79.1955 1 5 11.6993
2132 -77.1948 1 1 4.8986
711 -77.4336 1 2 5.1962
1649 -76.1943 3 2 5.07389
1810 -76.1327 2 1 5.17815
1971 -79.1955 1 5 11.6631
2132 -77.1948 1 1 4.88127
711 -77.4336 1 2 5.19257
1649 -76.1943 3 2 5.05843
1810 -76.1327 2 1 5.23199
1971 -79.1955 1 5 11.8436
2132 -77.1948 1 1 4.92408
711 -77.4336 1 2 5.17607
1649 -76.1943 3 2 5.03987
1810 -76.1327 2 1 5.21285
1971 -79.1955 1 5 11.781
2132 -77.1948 1 1 4.9015
711 -77.4336 1 2 5.14934
1649 -76.1943 3 2 5.07567
1810 -76.1327 2 1 5.22683
1971 -79.1955 1 5 11.7981
2132 -77.1948 1 1 4.88917
711 -77.4336 1 2 5.13506
1649 -76.1943 3 2 5.05168
1810 -76.1327 2 1 5.20718
1971 -79.1955 1 5 11.7431
2132 -77.1948 1 1 4.86369
711 -77.4336 1 2 5.13535
1649 -76.1943 3 2 5.08753
1810 -76.1327 2 1 5.40261
1971 -79.1955 1 5 11.7179
2132 -77.1948 1 1 4.85548
711 -77.4336 1 2 5.10734
1649 -76.1943 3 2 5.06121
1810 -76.1327 2 1 5.38048
1971 -79.1955 1 5 11.6842
2132 -77.1948 1 1 4.8372
711 -77.4336 1 2 5.10652
1649 -76.1943 3 2 5.10889
1810 -76.1327 2 1 5.41638
1971 -79.1955 1 5 11.833
2132 -77.1948 1 1 4.86221
711 -77.4336 1 2 5.08157
1649 -76.1943 3 2 5.09075
1810 -76.1327 2 1 5.39498
1971 -79.1955 1 5 11.78
2132 -77.1948 1 1 4.84061
711 -77.4336 1 2 5.07947
1649 -76.1943 3 2 5.09574
1810 -76.1327 2 1 5.38353
1971 -79.1955 1 5 11.8095
2132 -77.1948 1 1 4.83512
711 -77.4336 1 2 5.06271
1649 -76.1943 3 2 5.07354
1810 -76.1327 2 1 5.36553
1971 -79.1955 1 5 11.7705
2132 -77.1948 1 1 4.81323
711 -77.4336 1 2 5.04252
1649 -76.1943 3 2 5.08607
1810 -76.1327 2 1 5.3448
1971 -79.1955 1 5 11.7376
2132 -77.1948 1 1 4.81883
711 -77.4336 1 2 5.02596
1649 -76.1943 3 2 5.06301
1810 -76.1327 2 1 5.32517
1971 -79.1955 1 5 11.7107
2132 -77.1948 1 1 4.802
711 -77.4336 1 2 5.02709
1649 -76.1943 3 2 5.04583
1810 -76.1327 2 1 5.32121
1971 -79.1955 1 5 11.6807
2132 -77.1948 1 1 4.80278
711 -77.4336 1 2 5.00504
1649 -76.1943 3 2 5.03773
1810 -76.1327 2 1 5.30763
1971 -79.1955 1 5 11.6452
2132 -77.1948 1 1 4.78622
711 -77.4336 1 2 5.0736
1649 -76.1943 3 2 5.02907
1810 -76.1327 2 1 5.30269
1971 -79.1955 1 5 11.6982
2132 -77.1948 1 1 4.76913
711 -77.4336 1 2 5.05964
1649 -76.1943 3 2 5.01427
1810 -76.1327 2 1 5.28429
1971 -79.1955 1 5 11.6646
2132 -77.1948 1 1 4.75938
711 -77.4336 1 2 5.03827
1649 -76.1943 3 2 5.00403
1810 -76.1327 2 1 5.26683
1971 -79.1955 1 5 11.6855
2132 -77.1948 1 1 4.76304
711 -77.4336 1 2 5.02179
1649 -76.1943 3 2 4.98517
1810 -76.1327 2 1 5.24647
1971 -79.1955 1 5 11.6425
2132 -77.1948 1 1 4.74654
711 -77.4336 1 2 5.2284
1649 -76.1943 3 2 5.07283
1810 -76.1327 2 1 5.23451
1971 -79.1955 1 5 11.678
2132 -77.1948 1 1 4.74824
711 -77.4336 1 2 5.20644
1649 -76.1943 3 2 5.05858
1810 -76.1327 2 1 5.21985
1971 -79.1955 1 5 11.6505
2132 -77.1948 1 1 4.73309
711 -77.4336 1 2 5.19203
1649 -76.1943 3 2 5.09233
1810 -76.1327 2 1 5.21817
1971 -79.1955 1 5 11.6908
2132 -77.1948 1 1 4.73404
711 -77.4336 1 2 5.17801
1649 -76.1943 3 2 5.07758
1810 -76.1327 2 1 5.20017
1971 -79.1955 1 5 11.6476
2132 -77.1948 1 1 4.72313
711 -77.4336 1 2 5.22423
1649 -76.1943 3 2 5.09716
1810 -76.1327 2 1 5.30554
1971 -79.1955 1 5 11.606
2132 -77.1948 1 1 4.8434
711 -77.4336 1 2 5.2063
1649 -76.1943 3 2 5.07945
1810 -76.1327 2 1 5.29033
1971 -79.1955 1 5 11.5701
2132 -77.1948 1 1 4.82722
711 -77.4336 1 2 5.19047
1649 -76.1943 3 2 5.06081
1810 -76.1327 2 1 5.31238
1971 -79.1955 1 5 11.5908
2132 -77.1948 1 1 4.85591
711 -77.4336 1 2 5.17643
1649 -76.1943 3 2 5.04927
1810 -76.1327 2 1 5.30069
1971 -79.1955 1 5 11.5427
2132 -77.1948 1 1 4.83958
711 -77.4336 1 2 5.23136
1649 -76.1943 3 2 5.04902
1810 -76.1327 2 1 5.29225
1971 -79.1955 1 5 11.583
2132 -77.1948 1 1 4.91609
711 -77.4336 1 2 5.2168
1649 -76.1943 3 2 5.03439
1810 -76.1327 2 1 5.27087
1971 -79.1955 1 5 11.5431
2132 -77.1948 1 1 4.89803
711 -77.4336 1 2 5.20208
1649 -76.1943 3 2 5.04026
1810 -76.1327 2 1 5.26733
1971 -79.1955 1 5 11.5581
2132 -77.1948 1 1 4.91494
711 -77.4336 1 2 5.18793
1649 -76.1943 3 2 5.02632
1810 -76.1327 2 1 5.24827
1971 -79.1955 1 5 11.5303
2132 -77.1948 1 1 4.89103
711 -77.4336 1 2 5.1969
1649 -76.1943 3 2 5.01195
1810 -76.1327 2 1 5.24286
1971 -79.1955 1 5 11.5514
2132 -77.1948 1 1 4.90759
711 -77.4336 1 2 5.16813
1649 -76.1943 3 2 4.99451
1810 -76.1327 2 1 5.22601
1971 -79.1955 1 5 11.495
2132 -77.1948 1 1 4.89474
711 -77.4336 1 2 5.24609
1649 -76.1943 3 2 4.98849
1810 -76.1327 2 1 5.20411
1971 -79.1955 1 5 11.4796
2132 -77.1948 1 1 4.92679
711 -77.4336 1 2 5.22691
1649 -76.1943 3 2 4.96704
1810 -76.1327 2 1 5.19047
1971 -79.1955 1 5 11.4441
2132 -77.1948 1 1 4.90808
711 -77.4336 1 2 5.44234
1649 -76.1943 3 2 4.96323
1810 -76.1327 2 1 5.18362
1971 -79.1955 1 5 11.4563
2132 -77.1948 1 1 4.90757
711 -77.4336 1 2 5.42766
1649 -76.1943 3 2 4.94684
1810 -76.1327 2 1 5.16028
1971 -79.1955 1 5 11.416
2132 -77.1948 1 1 4.89874
711 -77.4336 1 2 5.42937
1649 -76.1943 3 2 4.94942
1810 -76.1327 2 1 5.22918
1971 -79.1955 1 5 11.4626
2132 -77.1948 1 1 4.87464
711 -77.4336 1 2 5.4076
1649 -76.1943 3 2 4.92834
1810 -76.1327 2 1 5.2103
1971 -79.1955 1 5 11.4133
2132 -77.1948 1 1 4.86498
711 -77.4336 1 2 5.50122
1649 -76.1943 3 2 4.92338
1810 -76.1327 2 1 5.25278
1971 -79.1955 1 5 11.4434
2132 -77.1948 1 1 4.84134
711 -77.4336 1 2 5.48745
1649 -76.1943 3 2 4.90213
1810 -76.1327 2 1 5.2351
1971 -79.1955 1 5 11.398
2132 -77.1948 1 1 4.82715
711 -77.4336 1 2 5.47692
1649 -76.1943 3 2 4.90624
1810 -76.1327 2 1 5.2326
1971 -79.1955 1 5 11.4262
2132 -77.1948 1 1 4.82513
711 -77.4336 1 2 5.45716
1649 -76.1943 3 2 4.8961
1810 -76.1327 2 1 5.20622
1971 -79.1955 1 5 11.396
2132 -77.1948 1 1 4.80074
711 -77.4336 1 2 5.46015
1649 -76.1943 3 2 4.89905
1810 -76.1327 2 1 5.20651
1971 -79.1955 1 5 11.3727
2132 -77.1948 1 1 4.85408
711 -77.4336 1 2 5.44847
1649 -76.1943 3 2 4.88915
1810 -76.1327 2 1 5.1853
1971 -79.1955 1 5 11.3376
2132 -77.1948 1 1 4.84694
711 -77.4336 1 2 5.51157
1649 -76.1943 3 2 4.88315
1810 -76.1327 2 1 5.23375
1971 -79.1955 1 5 11.5093
2132 -77.1948 1 1 4.82649
711 -77.4336 1 2 5.49799
1649 -76.1943 3 2 4.86456
1810 -76.1327 2 1 5.21426
1971 -79.1955 1 5 11.475
2132 -77.1948 1 1 4.80629
711 -77.4336 1 2 5.49627
1649 -76.1943 3 2 4.88915
1810 -76.1327 2 1 5.26536
1971 -79.1955 1 5 11.475
2132 -77.1948 1 1 4.81412
711 -77.4336 1 2 5.48163
1649 -76.1943 3 2 4.86891
1810 -76.1327 2 1 5.24936
1971 -79.1955 1 5 11.4349
2132 -77.1948 1 1 4.80332
711 -77.4336 1 2 5.4907
1649 -76.1943 3 2 4.86315
1810 -76.1327 2 1 5.23719
1971 -79.1955 1 5 11.4686
2132 -77.1948 1 1 4.93343
711 -77.4336 1 2 5.47831
1649 -76.1943 3 2 4.85177
1810 -76.1327 2 1 5.22614
1971 -79.1955 1 5 11.432
2132 -77.1948 1 1 4.91972
711 -77.4336 1 2 5.50235
1649 -76.1943 3 2 4.84988
1810 -76.1327 2 1 5.22314
1971 -79.1955 1 5 11.4782
2132 -77.1948 1 1 4.9164
711 -77.4336 1 2 5.48857
1649 -76.1943 3 2 4.83154
1810 -76.1327 2 1 5.2062
1971 -79.1955 1 5 11.428
2132 -77.1948 1 1 4.89936
711 -77.4336 1 2 5.49569
1649 -76.1943 3 2 4.84585
1810 -76.1327 2 1 5.20777
1971 -79.1955 1 5 11.4439
2132 -77.1948 1 1 4.91403
711 -77.4336 1 2 5.47584
1649 -76.1943 3 2 4.83305
1810 -76.1327 2 1 5.18575
1971 -79.1955 1 5 11.4007
2132 -77.1948 1 1 4.89893
711 -77.4336 1 2 5.48139
1649 -76.1943 3 2 4.8437
1810 -76.1327 2 1 5.29626
1971 -79.1955 1 5 11.4112
2132 -77.1948 1 1 4.98685
711 -77.4336 1 2 5.46108
1649 -76.1943 3 2 4.82548
1810 -76.1327 2 1 5.28259
1971 -79.1955 1 5 11.3718
2132 -77.1948 1 1 4.97147
711 -77.4336 1 2 5.45351
1649 -76.1943 3 2 4.85116
1810 -76.1327 2 1 5.28718
1971 -79.1955 1 5 11.406
2132 -77.1948 1 1 4.9609
711 -77.4336 1 2 5.44039
1649 -76.1943 3 2 4.83401
1810 -76.1327 2 1 5.26828
1971 -79.1955 1 5 11.3538
2132 -77.1948 1 1 4.94197
711 -77.4336 1 2 5.42938
1649 -76.1943 3 2 4.85141
1810 -76.1327 2 1 5.26534
1971 -79.1955 1 5 11.4377
2132 -77.1948 1 1 4.95864
711 -77.4336 1 2 5.4091
1649 -76.1943 3 2 4.84162
1810 -76.1327 2 1 5.24455
1971 -79.1955 1 5 11.4008
2132 -77.1948 1 1 4.94501
711 -77.4336 1 2 5.39305
1649 -76.1943 3 2 4.83357
1810 -76.1327 2 1 5.23684
1971 -79.1955 1 5 11.4379
2132 -77.1948 1 1 4.95366
711 -77.4336 1 2 5.38163
1649 -76.1943 3 2 4.82156
1810 -76.1327 2 1 5.21754
1971 -79.1955 1 5 11.4102
2132 -77.1948 1 1 4.94194
711 -77.4336 1 2 5.37571
1649 -76.1943 3 2 4.83576
1810 -76.1327 2 1 5.22235
1971 -79.1955 1 5 11.4059
2132 -77.1948 1 1 5.00744
711 -77.4336 1 2 5.36089
1649 -76.1943 3 2 4.81903
1810 -76.1327 2 1 5.20994
1971 -79.1955 1 5 11.367
2132 -77.1948 1 1 4.98786
711 -77.4336 1 2 5.46925
1649 -76.1943 3 2 4.79854
1810 -76.1327 2 1 5.24742
1971 -79.1955 1 5 11.4014
2132 -77.1948 1 1 5.05384
711 -77.4336 1 2 5.44885
1649 -76.1943 3 2 4.78811
1810 -76.1327 2 1 5.22745
1971 -79.1955 1 5 11.3752
2132 -77.1948 1 1 5.03014
711 -77.4336 1 2 5.50902
1649 -76.1943 3 2 4.79479
1810 -76.1327 2 1 5.24142
1971 -79.1955 1 5 11.346
2132 -77.1948 1 1 5.15205
711 -77.4336 1 2 5.49295
1649 -76.1943 3 2 4.77351
1810 -76.1327 2 1 5.22441
1971 -79.1955 1 5 11.3076
2132 -77.1948 1 1 5.1441
711 -77.4336 1 2 5.49519
1649 -76.1943 3 2 4.8516
1810 -76.1327 2 1 5.20786
1971 -79.1955 1 5 11.3676
2132 -77.1948 1 1 5.19788
711 -77.4336 1 2 5.48012
1649 -76.1943 3 2 4.8401
1810 -76.1327 2 1 5.1928
1971 -79.1955 1 5 11.3371
2132 -77.1948 1 1 5.18085
711 -77.4336 1 2 5.57267
1649 -76.1943 3 2 4.8403
1810 -76.1327 2 1 5.17677
1971 -79.1955 1 5 11.3404
2132 -77.1948 1 1 5.18866
711 -77.4336 1 2 5.56059
1649 -76.1943 3 2 4.82656
1810 -76.1327 2 1 5.16064
1971 -79.1955 1 5 11.3103
2132 -77.1948 1 1 5.1674
711 -77.4336 1 2 5.56033
1649 -76.1943 3 2 4.82171
1810 -76.1327 2 1 5.24806
1971 -79.1955 1 5 11.3012
2132 -77.1948 1 1 5.17905
711 -77.4336 1 2 5.53526
1649 -76.1943 3 2 4.80693
1810 -76.1327 2 1 5.236
1971 -79.1955 1 5 11.2764
2132 -77.1948 1 1 5.15791
711 -77.4336 1 2 5.53783
1649 -76.1943 3 2 4.87248
1810 -76.1327 2 1 5.27882
1971 -79.1955 1 5 11.3192
2132 -77.1948 1 1 5.152
711 -77.4336 1 2 5.51869
1649 -76.1943 3 2 4.85844
1810 -76.1327 2 1 5.26777
1971 -79.1955 1 5 11.2817
2132 -77.1948 1 1 5.13256
711 -77.4336 1 2 5.51153
1649 -76.1943 3 2 4.87796
1810 -76.1327 2 1 5.31304
1971 -79.1955 1 5 11.2661
2132 -77.1948 1 1 5.1205
711 -77.4336 1 2 5.49561
1649 -76.1943 3 2 4.86306
1810 -76.1327 2 1 5.29176
1971 -79.1955 1 5 11.2267
2132 -77.1948 1 1 5.10609
711 -77.4336 1 2 5.48507
1649 -76.1943 3 2 4.87416
1810 -76.1327 2 1 5.30776
1971 -79.1955 1 5 11.2249
2132 -77.1948 1 1 5.107
711 -77.4336 1 2 5.46501
1649 -76.1943 3 2 4.85905
1810 -76.1327 2 1 5.29812
1971 -79.1955 1 5 11.1925
2132 -77.1948 1 1 5.09358
711 -77.4336 1 2 5.52398
1649 -76.1943 3 2 4.87917
1810 -76.1327 2 1 5.28936
1971 -79.1955 1 5 11.3125
2132 -77.1948 1 1 5.09855
711 -77.4336 1 2 5.5062
1649 -76.1943 3 2 4.86229
1810 -76.1327 2 1 5.27764
1971 -79.1955 1 5 11.2703
2132 -77.1948 1 1 5.08794
711 -77.4336 1 2 5.59325
1649 -76.1943 3 2 4.87074
1810 -76.1327 2 1 5.33743
1971 -79.1955 1 5 11.2699
2132 -77.1948 1 1 5.12353
711 -77.4336 1 2 5.57251
1649 -76.1943 3 2 4.85665
1810 -76.1327 2 1 5.3179
1971 -79.1955 1 5 11.2414
2132 -77.1948 1 1 5.11366
711 -77.4336 1 2 5.56345
1649 -76.1943 3 2 4.86382
1810 -76.1327 2 1 5.30353
1971 -79.1955 1 5 11.306
2132 -77.1948 1 1 5.16809
711 -77.4336 1 2 5.54862
1649 -76.1943 3 2 4.84653
1810 -76.1327 2 1 5.29529
1971 -79.1955 1 5 11.2878
2132 -77.1948 1 1 5.15382
711 -77.4336 1 2 5.56332
1649 -76.1943 3 2 4.90469
1810 -76.1327 2 1 5.28743
1971 -79.1955 1 5 11.367
2132 -77.1948 1 1 5.1813
711 -77.4336 1 2 5.554
1649 -76.1943 3 2 4.89014
1810 -76.1327 2 1 5.27032
1971 -79.1955 1 5 11.325
2132 -77.1948 1 1 5.16981
711 -77.4336 1 2 5.67505
1649 -76.1943 3 2 4.93212
1810 -76.1327 2 1 5.26837
1971 -79.1955 1 5 11.3051
2132 -77.1948 1 1 5.17247
711 -77.4336 1 2 5.65634
1649 -76.1943 3 2 4.91975
1810 -76.1327 2 1 5.24761
1971 -79.1955 1 5 11.2805
2132 -77.1948 1 1 5.1486
711 -77.4336 1 2 5.7106
1649 -76.1943 3 2 4.9575
1810 -76.1327 2 1 5.23926
1971 -79.1955 1 5 11.3039
2132 -77.1948 1 1 5.19972
711 -77.4336 1 2 5.69459
1649 -76.1943 3 2 4.9375
1810 -76.1327 2 1 5.23075
1971 -79.1955 1 5 11.2777
2132 -77.1948 1 1 5.18699
711 -77.4336 1 2 5.68674
1649 -76.1943 3 2 5.04123
1810 -76.1327 2 1 5.26285
1971 -79.1955 1 5 11.3245
2132 -77.1948 1 1 5.1694
711 -77.4336 1 2 5.66357
1649 -76.1943 3 2 5.02911
1810 -76.1327 2 1 5.24609
1971 -79.1955 1 5 11.2826
2132 -77.1948 1 1 5.15964
711 -77.4336 1 2 5.70856
1649 -76.1943 3 2 5.07578
1810 -76.1327 2 1 5.26423
1971 -79.1955 1 5 11.3205
2132 -77.1948 1 1 5.16471
711 -77.4336 1 2 5.68923
1649 -76.1943 3 2 5.06239
1810 -76.1327 2 1 5.25225
1971 -79.1955 1 5 11.2808
2132 -77.1948 1 1 5.14803
711 -77.4336 1 2 5.6959
1649 -76.1943 3 2 5.116
1810 -76.1327 2 1 5.25376
1971 -79.1955 1 5 11.2542
2132 -77.1948 1 1 5.20276
711 -77.4336 1 2 5.67982
1649 -76.1943 3 2 5.09345
1810 -76.1327 2 1 5.23861
1971 -79.1955 1 5 11.2342
2132 -77.1948 1 1 5.18837
711 -77.4336 1 2 5.72185
1649 -76.1943 3 2 5.11137
1810 -76.1327 2 1 5.22131
1971 -79.1955 1 5 11.2661
2132 -77.1948 1 1 5.18095
711 -77.4336 1 2 5.71016
1649 -76.1943 3 2 5.09833
1810 -76.1327 2 1 5.21402
1971 -79.1955 1 5 11.2486
2132 -77.1948 1 1 5.1668
711 -77.4336 1 2 5.68708
1649 -76.1943 3 2 5.16618
1810 -76.1327 2 1 5.23619
1971 -79.1955 1 5 11.2538
2132 -77.1948 1 1 5.17658
711 -77.4336 1 2 5.6759
1649 -76.1943 3 2 5.14293
1810 -76.1327 2 1 5.21521
1971 -79.1955 1 5 11.2232
2132 -77.1948 1 1 5.1576
711 -77.4336 1 2 5.66789
1649 -76.1943 3 2 5.152
1810 -76.1327 2 1 5.21461
1971 -79.1955 1 5 11.2307
2132 -77.1948 1 1 5.18729
711 -77.4336 1 2 5.65126
1649 -76.1943 3 2 5.14013
1810 -76.1327 2 1 5.1976
1971 -79.1955 1 5 11.2085
2132 -77.1948 1 1 5.17952
711 -77.4336 1 2 5.64491
1649 -76.1943 3 2 5.14759
1810 -76.1327 2 1 5.18487
1971 -79.1955 1 5 11.2707
2132 -77.1948 1 1 5.20028
711 -77.4336 1 2 5.62978
1649 -76.1943 3 2 5.13196
1810 -76.1327 2 1 5.17284
1971 -79.1955 1 5 11.2599
2132 -77.1948 1 1 5.1798
711 -77.4336 1 2 5.61065
1649 -76.1943 3 2 5.21401
1810 -76.1327 2 1 5.1709
1971 -79.1955 1 5 11.2202
2132 -77.1948 1 1 5.18108
711 -77.4336 1 2 5.59804
1649 -76.1943 3 2 5.19531
1810 -76.1327 2 1 5.15297
1971 -79.1955 1 5 11.1875
2132 -77.1948 1 1 5.16315
711 -77.4336 1 2 5.61217
1649 -76.1943 3 2 5.1867
1810 -76.1327 2 1 5.14993
1971 -79.1955 1 5 11.2475
2132 -77.1948 1 1 5.16808
711 -77.4336 1 2 5.59098
1649 -76.1943 3 2 5.16646
1810 -76.1327 2 1 5.13085
1971 -79.1955 1 5 11.2212
2132 -77.1948 1 1 5.15536
711 -77.4336 1 2 5.5802
1649 -76.1943 3 2 5.16924
1810 -76.1327 2 1 5.12783
1971 -79.1955 1 5 11.2487
2132 -77.1948 1 1 5.15293
711 -77.4336 1 2 5.56279
1649 -76.1943 3 2 5.15495
1810 -76.1327 2 1 5.11359
1971 -79.1955 1 5 11.2084
2132 -77.1948 1 1 5.14245
711 -77.4336 1 2 5.55197
1649 -76.1943 3 2 5.19625
1810 -76.1327 2 1 5.17536
1971 -79.1955 1 5 11.1866
2132 -77.1948 1 1 5.16827
711 -77.4336 1 2 5.53386
1649 -76.1943 3 2 5.18489
1810 -76.1327 2 1 5.16044
1971 -79.1955 1 5 11.1663
2132 -77.1948 1 1 5.15466
711 -77.4336 1 2 5.55083
1649 -76.1943 3 2 5.22136
1810 -76.1327 2 1 5.18196
1971 -79.1955 1 5 11.2029
2132 -77.1948 1 1 5.1385
711 -77.4336 1 2 5.53323
1649 -76.1943 3 2 5.21587
1810 -76.1327 2 1 5.16653
1971 -79.1955 1 5 11.1664
2132 -77.1948 1 1 5.12916
711 -77.4336 1 2 5.61118
1649 -76.1943 3 2 5.19778
1810 -76.1327 2 1 5.18235
1971 -79.1955 1 5 11.157
2132 -77.1948 1 1 5.13108
711 -77.4336 1 2 5.59942
1649 -76.1943 3 2 5.18621
1810 -76.1327 2 1 5.17414
1971 -79.1955 1 5 11.1209
2132 -77.1948 1 1 5.11355
711 -77.4336 1 2 5.59257
1649 -76.1943 3 2 5.22665
1810 -76.1327 2 1 5.17539
1971 -79.1955 1 5 11.1847
2132 -77.1948 1 1 5.13212
711 -77.4336 1 2 5.57576
1649 -76.1943 3 2 5.21458
1810 -76.1327 2 1 5.1634
1971 -79.1955 1 5 11.1484
2132 -77.1948 1 1 5.12498
711 -77.4336 1 2 5.57238
1649 -76.1943 3 2 5.25606
1810 -76.1327 2 1 5.2016
1971 -79.1955 1 5 11.2268
2132 -77.1948 1 1 5.11335
711 -77.4336 1 2 5.5651
1649 -76.1943 3 2 5.24095
1810 -76.1327 2 1 5.18475
1971 -79.1955 1 5 11.1966
2132 -77.1948 1 1 5.09809
711 -77.4336 1 2 5.5689
1649 -76.1943 3 2 5.23434
1810 -76.1327 2 1 5.22762
1971 -79.1955 1 5 11.2137
2132 -77.1948 1 1 5.16847
711 -77.4336 1 2 5.55957
1649 -76.1943 3 2 5.2198
1810 -76.1327 2 1 5.2157
1971 -79.1955 1 5 11.1948
2132 -77.1948 1 1 5.15328
711 -77.4336 1 2 5.58494
1649 -76.1943 3 2 5.20734
1810 -76.1327 2 1 5.23183
1971 -79.1955 1 5 11.2172
2132 -77.1948 1 1 5.15306
711 -77.4336 1 2 5.57154
1649 -76.1943 3 2 5.19586
1810 -76.1327 2 1 5.21843
1971 -79.1955 1 5 11.1897
2132 -77.1948 1 1 5.1385
711 -77.4336 1 2 5.58144
1649 -76.1943 3 2 5.23152
1810 -76.1327 2 1 5.21208
1971 -79.1955 1 5 11.1832
2132 -77.1948 1 1 5.16299
711 -77.4336 1 2 5.57011
1649 -76.1943 3 2 5.22464
1810 -76.1327 2 1 5.19554
1971 -79.1955 1 5 11.1635
2132 -77.1948 1 1 5.15263
711 -77.4336 1 2 5.56522
1649 -76.1943 3 2 5.21513
1810 -76.1327 2 1 5.26646
1971 -79.1955 1 5 11.2106
2132 -77.1948 1 1 5.14759
711 -77.4336 1 2 5.54775
1649 -76.1943 3 2 5.20169
1810 -76.1327 2 1 5.26018
1971 -79.1955 1 5 11.1737
2132 -77.1948 1 1 5.13445
711 -77.4336 1 2 5.55279
1649 -76.1943 3 2 5.22289
1810 -76.1327 2 1 5.24442
1971 -79.1955 1 5 11.1929
2132 -77.1948 1 1 5.12501
711 -77.4336 1 2 5.53957
1649 -76.1943 3 2 5.21404
1810 -76.1327 2 1 5.22956
1971 -79.1955 1 5 11.1679
2132 -77.1948 1 1 5.10815
711 -77.4336 1 2 5.53047
1649 -76.1943 3 2 5.22386
1810 -76.1327 2 1 5.23403
1971 -79.1955 1 5 11.1853
2132 -77.1948 1 1 5.1053
711 -77.4336 1 2 5.51548
1649 -76.1943 3 2 5.20844
1810 -76.1327 2 1 5.21669
1971 -79.1955 1 5 11.1578
2132 -77.1948 1 1 5.09547
711 -77.4336 1 2 5.54307
1649 -76.1943 3 2 5.25732
1810 -76.1327 2 1 5.20993
1971 -79.1955 1 5 11.161
2132 -77.1948 1 1 5.11122
711 -77.4336 1 2 5.52476
1649 -76.1943 3 2 5.25119
1810 -76.1327 2 1 5.20202
1971 -79.1955 1 5 11.1287
2132 -77.1948 1 1 5.0983
711 -77.4336 1 2 5.51928
1649 -76.1943 3 2 5.23664
1810 -76.1327 2 1 5.23192
1971 -79.1955 1 5 11.1212
2132 -77.1948 1 1 5.10452
711 -77.4336 1 2 5.50452
1649 -76.1943 3 2 5.2243
1810 -76.1327 2 1 5.21837
1971 -79.1955 1 5 11.1012
2132 -77.1948 1 1 5.0858
711 -77.4336 1 2 5.48983
1649 -76.1943 3 2 5.30034
1810 -76.1327 2 1 5.21149
1971 -79.1955 1 5 11.0991
2132 -77.1948 1 1 5.09511
711 -77.4336 1 2 5.47651
1649 -76.1943 3 2 5.28827
1810 -76.1327 2 1 5.20292
1971 -79.1955 1 5 11.0681
2132 -77.1948 1 1 5.0797
711 -77.4336 1 2 5.48989
1649 -76.1943 3 2 5.29031
1810 -76.1327 2 1 5.21236
1971 -79.1955 1 5 11.0535
2132 -77.1948 1 1 5.06612
711 -77.4336 1 2 5.47655
1649 -76.1943 3 2 5.27528
1810 -76.1327 2 1 5.20094
1971 -79.1955 1 5 11.0265
2132 -77.1948 1 1 5.05331
711 -77.4336 1 2 5.46684
1649 -76.1943 3 2 5.30724
1810 -76.1327 2 1 5.2202
1971 -79.1955 1 5 11.0839
2132 -77.1948 1 1 5.0676
711 -77.4336 1 2 5.45575
1649 -76.1943 3 2 5.29789
1810 -76.1327 2 1 5.20318
1971 -79.1955 1 5 11.0534
2132 -77.1948 1 1 5.05466
711 -77.4336 1 2 5.4718
1649 -76.1943 3 2 5.29204
1810 -76.1327 2 1 5.20031
1971 -79.1955 1 5 11.0773
2132 -77.1948 1 1 5.07377
711 -77.4336 1 2 5.45978
1649 -76.1943 3 2 5.2821
1810 -76.1327 2 1 5.18685
1971 -79.1955 1 5 11.0467
2132 -77.1948 1 1 5.05604
711 -77.4336 1 2 5.45822
1649 -76.1943 3 2 5.27291
1810 -76.1327 2 1 5.18419
1971 -79.1955 1 5 11.036
2132 -77.1948 1 1 5.06703
711 -77.4336 1 2 5.45086
1649 -76.1943 3 2 5.261
1810 -76.1327 2 1 5.1732
1971 -79.1955 1 5 11.006
2132 -77.1948 1 1 5.05187
711 -77.4336 1 2 5.47854
1649 -76.1943 3 2 5.26944
1810 -76.1327 2 1 5.16818
1971 -79.1955 1 5 10.991
2132 -77.1948 1 1 5.0566
711 -77.4336 1 2 5.46872
1649 -76.1943 3 2 5.25942
1810 -76.1327 2 1 5.15556
1971 -79.1955 1 5 10.9613
2132 -77.1948 1 1 5.04529
711 -77.4336 1 2 5.51026
1649 -76.1943 3 2 5.24481
1810 -76.1327 2 1 5.14751
1971 -79.1955 1 5 10.9727
2132 -77.1948 1 1 5.14707
711 -77.4336 1 2 5.4953
1649 -76.1943 3 2 5.23378
1810 -76.1327 2 1 5.13288
1971 -79.1955 1 5 10.9349
2132 -77.1948 1 1 5.13975
711 -77.4336 1 2 5.48911
1649 -76.1943 3 2 5.22411
1810 -76.1327 2 1 5.19212
1971 -79.1955 1 5 10.9589
2132 -77.1948 1 1 5.12579
711 -77.4336 1 2 5.46884
1649 -76.1943 3 2 5.21884
1810 -76.1327 2 1 5.17939
1971 -79.1955 1 5 10.9333
2132 -77.1948 1 1 5.11718
711 -77.4336 1 2 5.4813
1649 -76.1943 3 2 5.23564
1810 -76.1327 2 1 5.17214
1971 -79.1955 1 5 10.9401
2132 -77.1948 1 1 5.13141
711 -77.4336 1 2 5.46919
1649 -76.1943 3 2 5.22758
1810 -76.1327 2 1 5.16413
1971 -79.1955 1 5 10.9196
2132 -77.1948 1 1 5.12202
711 -77.4336 1 2 5.46425
1649 -76.1943 3 2 5.2154
1810 -76.1327 2 1 5.1765
1971 -79.1955 1 5 10.9781
2132 -77.1948 1 1 5.22971
711 -77.4336 1 2 5.44878
1649 -76.1943 3 2 5.20413
1810 -76.1327 2 1 5.16551
1971 -79.1955 1 5 10.9431
2132 -77.1948 1 1 5.21672
711 -77.4336 1 2 5.43679
1649 -76.1943 3 2 5.21861
1810 -76.1327 2 1 5.17339
1971 -79.1955 1 5 10.9262
2132 -77.1948 1 1 5.23882
711 -77.4336 1 2 5.42306
1649 -76.1943 3 2 5.20692
1810 -76.1327 2 1 5.15894
1971 -79.1955 1 5 10.8996
2132 -77.1948 1 1 5.22469
711 -77.4336 1 2 5.42793
1649 -76.1943 3 2 5.21753
1810 -76.1327 2 1 5.2312
1971 -79.1955 1 5 10.9129
2132 -77.1948 1 1 5.21535
711 -77.4336 1 2 5.4198
1649 -76.1943 3 2 5.20165
1810 -76.1327 2 1 5.21952
1971 -79.1955 1 5 10.881
2132 -77.1948 1 1 5.19949
711 -77.4336 1 2 5.44227
1649 -76.1943 3 2 5.1929
1810 -76.1327 2 1 5.27889
1971 -79.1955 1 5 10.8686
2132 -77.1948 1 1 5.26807
711 -77.4336 1 2 5.42245
1649 -76.1943 3 2 5.18049
1810 -76.1327 2 1 5.2614
1971 -79.1955 1 5 10.8359
2132 -77.1948 1 1 5.25583
711 -77.4336 1 2 5.44753
1649 -76.1943 3 2 5.17594
1810 -76.1327 2 1 5.26355
1971 -79.1955 1 5 10.8442
2132 -77.1948 1 1 5.24638
711 -77.4336 1 2 5.42765
1649 -76.1943 3 2 5.16307
1810 -76.1327 2 1 5.25413
1971 -79.1955 1 5 10.8278
2132 -77.1948 1 1 5.23419
711 -77.4336 1 2 5.42737
1649 -76.1943 3 2 5.17424
1810 -76.1327 2 1 5.24349
1971 -79.1955 1 5 10.8314
2132 -77.1948 1 1 5.24802
711 -77.4336 1 2 5.41643
1649 -76.1943 3 2 5.16255
1810 -76.1327 2 1 5.23561
1971 -79.1955 1 5 10.8041
2132 -77.1948 1 1 5.23878
711 -77.4336 1 2 5.40165
1649 -76.1943 3 2 5.15142
1810 -76.1327 2 1 5.23439
1971 -79.1955 1 5 10.8059
2132 -77.1948 1 1 5.25285
711 -77.4336 1 2 5.38971
1649 -76.1943 3 2 5.14595
1810 -76.1327 2 1 5.21945
1971 -79.1955 1 5 10.7846
2132 -77.1948 1 1 5.23768
711 -77.4336 1 2 5.37839
1649 -76.1943 3 2 5.14233
1810 -76.1327 2 1 5.23506
1971 -79.1955 1 5 10.8214
2132 -77.1948 1 1 5.25137
711 -77.4336 1 2 5.36772
1649 -76.1943 3 2 5.13018
1810 -76.1327 2 1 5.22603
1971 -79.1955 1 5 10.784
2132 -77.1948 1 1 5.2352
711 -77.4336 1 2 5.36318
1649 -76.1943 3 2 5.18029
1810 -76.1327 2 1 5.20917
1971 -79.1955 1 5 10.8222
2132 -77.1948 1 1 5.2306
711 -77.4336 1 2 5.34754
1649 -76.1943 3 2 5.16782
1810 -76.1327 2 1 5.19966
1971 -79.1955 1 5 10.8056
2132 -77.1948 1 1 5.21647
711 -77.4336 1 2 5.41336
1649 -76.1943 3 2 5.18701
1810 -76.1327 2 1 5.18671
1971 -79.1955 1 5 10.7998
2132 -77.1948 1 1 5.2275
711 -77.4336 1 2 5.39725
1649 -76.1943 3 2 5.1725
1810 -76.1327 2 1 5.18108
1971 -79.1955 1 5 10.787
2132 -77.1948 1 1 5.21753
711 -77.4336 1 2 5.43007
1649 -76.1943 3 2 5.20376
1810 -76.1327 2 1 5.21798
1971 -79.1955 1 5 10.8607
2132 -77.1948 1 1 5.20714
711 -77.4336 1 2 5.41846
1649 -76.1943 3 2 5.19635
1810 -76.1327 2 1 5.2039
1971 -79.1955 1 5 10.839
2132 -77.1948 1 1 5.19405
711 -77.4336 1 2 5.42775
1649 -76.1943 3 2 5.19257
1810 -76.1327 2 1 5.21529
1971 -79.1955 1 5 10.8815
2132 -77.1948 1 1 5.22816
711 -77.4336 1 2 5.41803
1649 -76.1943 3 2 5.18153
1810 -76.1327 2 1 5.20443
1971 -79.1955 1 5 10.8472
2132 -77.1948 1 1 5.21732
711 -77.4336 1 2 5.46758
1649 -76.1943 3 2 5.17043
1810 -76.1327 2 1 5.1963
1971 -79.1955 1 5 10.9204
2132 -77.1948 1 1 5.20334
711 -77.4336 1 2 5.45095
1649 -76.1943 3 2 5.1564
1810 -76.1327 2 1 5.17877
1971 -79.1955 1 5 10.8892
2132 -77.1948 1 1 5.19511
711 -77.4336 1 2 5.46311
1649 -76.1943 3 2 5.18858
1810 -76.1327 2 1 5.19688
1971 -79.1955 1 5 10.9271
2132 -77.1948 1 1 5.18209
711 -77.4336 1 2 5.45378
1649 -76.1943 3 2 5.17676
1810 -76.1327 2 1 5.18893
1971 -79.1955 1 5 10.9095
2132 -77.1948 1 1 5.16913
711 -77.4336 1 2 5.44236
1649 -76.1943 3 2 5.23382
1810 -76.1327 2 1 5.17835
1971 -79.1955 1 5 10.8822
2132 -77.1948 1 1 5.15816
711 -77.4336 1 2 5.43192
1649 -76.1943 3 2 5.22226
1810 -76.1327 2 1 5.16502
1971 -79.1955 1 5 10.8597
2132 -77.1948 1 1 5.15067
711 -77.4336 1 2 5.42842
1649 -76.1943 3 2 5.22858
1810 -76.1327 2 1 5.17758
1971 -79.1955 1 5 10.8486
2132 -77.1948 1 1 5.16334
711 -77.4336 1 2 5.41761
1649 -76.1943 3 2 5.21897
1810 -76.1327 2 1 5.16369
1971 -79.1955 1 5 10.8287
2132 -77.1948 1 1 5.15495
711 -77.4336 1 2 5.4102
1649 -76.1943 3 2 5.24024
1810 -76.1327 2 1 5.15004
1971 -79.1955 1 5 10.8886
2132 -77.1948 1 1 5.1474
711 -77.4336 1 2 5.39824
1649 -76.1943 3 2 5.23131
1810 -76.1327 2 1 5.14033
1971 -79.1955 1 5 10.8683
2132 -77.1948 1 1 5.13622
711 -77.4336 1 2 5.39868
1649 -76.1943 3 2 5.25031
1810 -76.1327 2 1 5.13037
1971 -79.1955 1 5 10.8843
2132 -77.1948 1 1 5.14107
711 -77.4336 1 2 5.38448
1649 -76.1943 3 2 5.23791
1810 -76.1327 2 1 5.12372
1971 -79.1955 1 5 10.8521
2132 -77.1948 1 1 5.12871
711 -77.4336 1 2 5.39216
1649 -76.1943 3 2 5.24454
1810 -76.1327 2 1 5.12337
1971 -79.1955 1 5 10.94
2132 -77.1948 1 1 5.12272
711 -77.4336 1 2 5.3782
1649 -76.1943 3 2 5.23806
1810 -76.1327 2 1 5.114
1971 -79.1955 1 5 10.9132
2132 -77.1948 1 1 5.10745
711 -77.4336 1 2 5.38703
1649 -76.1943 3 2 5.30515
1810 -76.1327 2 1 5.1641
1971 -79.1955 1 5 10.9643
2132 -77.1948 1 1 5.13787
711 -77.4336 1 2 5.37607
1649 -76.1943 3 2 5.29717
1810 -76.1327 2 1 5.14717
1971 -79.1955 1 5 10.9383
2132 -77.1948 1 1 5.12353
711 -77.4336 1 2 5.36175
1649 -76.1943 3 2 5.28921
1810 -76.1327 2 1 5.13579
1971 -79.1955 1 5 10.9267
2132 -77.1948 1 1 5.12167
711 -77.4336 1 2 5.35292
1649 -76.1943 3 2 5.28261
1810 -76.1327 2 1 5.12605
1971 -79.1955 1 5 10.9028
2132 -77.1948 1 1 5.10294
711 -77.4336 1 2 5.35454
1649 -76.1943 3 2 5.27047
1810 -76.1327 2 1 5.13327
1971 -79.1955 1 5 10.9297
2132 -77.1948 1 1 5.10644
711 -77.4336 1 2 5.34133
1649 -76.1943 3 2 5.26312
1810 -76.1327 2 1 5.12762
1971 -79.1955 1 5 10.9098
2132 -77.1948 1 1 5.09743
711 -77.4336 1 2 5.33483
1649 -76.1943 3 2 5.25253
1810 -76.1327 2 1 5.13414
1971 -79.1955 1 5 10.8957
2132 -77.1948 1 1 5.21323
711 -77.4336 1 2 5.32138
1649 -76.1943 3 2 5.24183
1810 -76.1327 2 1 5.11924
1971 -79.1955 1 5 10.8705
2132 -77.1948 1 1 5.19965
711 -77.4336 1 2 5.31729
1649 -76.1943 3 2 5.25799
1810 -76.1327 2 1 5.1238
1971 -79.1955 1 5 10.8616
2132 -77.1948 1 1 5.20856
711 -77.4336 1 2 5.30207
1649 -76.1943 3 2 5.24277
1810 -76.1327 2 1 5.10967
1971 -79.1955 1 5 10.844
2132 -77.1948 1 1 5.20396
711 -77.4336 1 2 5.34091
1649 -76.1943 3 2 5.26618
1810 -76.1327 2 1 5.11391
1971 -79.1955 1 5 10.857
2132 -77.1948 1 1 5.18984
711 -77.4336 1 2 5.32709
1649 -76.1943 3 2 5.2492
1810 -76.1327 2 1 5.1056
1971 -79.1955 1 5 10.8346
2132 -77.1948 1 1 5.18174
711 -77.4336 1 2 5.32107
1649 -76.1943 3 2 5.29508
1810 -76.1327 2 1 5.10897
1971 -79.1955 1 5 10.8185
2132 -77.1948 1 1 5.19104
711 -77.4336 1 2 5.3112
1649 -76.1943 3 2 5.28677
1810 -76.1327 2 1 5.10168
1971 -79.1955 1 5 10.7893
2132 -77.1948 1 1 5.17834
711 -77.4336 1 2 5.34448
1649 -76.1943 3 2 5.31848
1810 -76.1327 2 1 5.08845
1971 -79.1955 1 5 10.9475
2132 -77.1948 1 1 5.20061
711 -77.4336 1 2 5.32896
1649 -76.1943 3 2 5.30941
1810 -76.1327 2 1 5.07645
1971 -79.1955 1 5 10.9229
2132 -77.1948 1 1 5.1906
711 -77.4336 1 2 5.32551
1649 -76.1943 3 2 5.33731
1810 -76.1327 2 1 5.17809
1971 -79.1955 1 5 10.9545
2132 -77.1948 1 1 5.19643
711 -77.4336 1 2 5.31561
1649 -76.1943 3 2 5.32816
1810 -76.1327 2 1 5.16744
1971 -79.1955 1 5 10.9345
2132 -77.1948 1 1 5.18811
711 -77.4336 1 2 5.30224
1649 -76.1943 3 2 5.35906
1810 -76.1327 2 1 5.16486
1971 -79.1955 1 5 10.9454
2132 -77.1948 1 1 5.18056
711 -77.4336 1 2 5.29028
1649 -76.1943 3 2 5.34588
1810 -76.1327 2 1 5.15734
1971 -79.1955 1 5 10.9127
2132 -77.1948 1 1 5.17047
