ID  RSSI  Neighbors  Sources  Throughput
711 0 2 -1 0
781 0 3 -1 0
851 -72.556 2 0 0
1649 -75.7997 3 0 0
1810 -74.0875 4 0 0
1971 -76.5574 3 0 0
2132 -73.3798 2 0 0
2293 -82.0243 3 1 0
2454 -79.1415 2 1 0
711 -78.893 2 1 0
781 -78.2666 3 1 0
851 -72.556 2 0 0
1649 -74.4613 3 1 0
1810 -76.1327 4 1 0
1971 -78.508 3 3 0
2132 -77.1948 2 1 0
2293 -79.413 3 3 0
2454 -79.1415 2 1 0
711 -78.893 2 1 8.37103
781 -78.2666 3 1 0
851 -72.556 2 0 0
1649 -74.4613 3 1 2.61596
1810 -76.1327 4 1 8.29614
1971 -78.508 3 3 47.4772
2132 -77.1948 2 1 0.837511
2293 -79.413 3 3 0.846258
2454 -79.1415 2 1 0.84404
711 -78.893 2 1 6.31117
781 -78.2666 3 1 0
851 -72.556 2 0 0
1649 -74.4613 3 1 2.24493
1810 -76.1327 4 1 7.29564
1971 -78.508 3 3 33.863
2132 -77.1948 2 1 0.726185
2293 -79.413 3 3 0.634427
2454 -79.1415 2 1 0.682149
711 -77.4336 1 2 6.24879
851 -72.556 1 0 0
1649 -74.4613 3 1 1.50789
1810 -76.1327 3 1 15.4139
1971 -78.508 3 3 43.157
2132 -77.1948 2 1 0.501883
2293 -79.413 3 3 1.11399
2454 -79.1415 2 1 2.58001
711 -77.4336 1 2 4.93683
851 -72.556 1 0 0
1649 -74.4613 3 1 1.31068
1810 -76.1327 3 1 12.5755
1971 -78.508 3 3 34.9901
2132 -77.1948 2 1 0.427151
2293 -79.413 3 3 0.841938
2454 -79.1415 2 1 2.27145
711 -77.4336 1 2 7.98304
851 -72.556 1 0 0
1649 -74.4613 3 1 1.13051
1810 -76.1327 3 1 23.0096
1971 -78.508 3 3 31.9938
2132 -77.1948 2 1 0.361491
2293 -79.413 3 3 0.761915
2454 -79.1415 2 1 2.15779
711 -77.4336 1 2 7.10068
851 -72.556 1 0 0
1649 -74.4613 3 1 0.956614
1810 -76.1327 3 1 20.1883
1971 -78.508 3 3 28.6746
2132 -77.1948 2 1 0.326907
2293 -79.413 3 3 0.646774
2454 -79.1415 2 1 1.88152
711 -77.4336 1 2 7.25977
851 -72.556 1 0 0
1649 -74.4613 3 1 1.41375
1810 -76.1327 3 1 46.1953
1971 -78.508 3 3 39.1698
2132 -77.1948 2 1 0.281039
2293 -79.413 3 3 0.563839
2454 -79.1415 2 1 1.97922
711 -77.4336 1 2 6.66762
851 -72.556 1 0 0
1649 -74.4613 3 1 1.2675
1810 -76.1327 3 1 43.7207
1971 -78.508 3 3 35.0834
2132 -77.1948 2 1 0.256018
2293 -79.413 3 3 0.526949
2454 -79.1415 2 1 1.75363
711 -77.4336 1 2 9.90899
1649 -74.4613 3 1 1.42603
1810 -76.1327 3 1 39.0428
1971 -78.508 2 3 36.6616
2132 -77.1948 2 1 0.230346
2293 -79.413 3 3 0.487894
2454 -79.1415 2 1 1.61423
711 -77.4336 1 2 9.07994
1649 -74.4613 3 1 1.32437
1810 -76.1327 3 1 35.7457
1971 -78.508 2 3 33.3737
2132 -77.1948 2 1 0.208701
2293 -79.413 3 3 0.428444
2454 -79.1415 2 1 1.50796
711 -77.4336 1 2 10.2446
1649 -74.4613 3 1 1.16802
1810 -76.1327 3 1 47.0597
1971 -78.508 2 3 30.5867
2132 -77.1948 2 1 0.196182
2293 -79.413 3 3 0.395923
2454 -79.1415 2 1 1.56806
711 -77.4336 1 2 9.82629
1649 -74.4613 3 1 1.10413
1810 -76.1327 3 1 44.834
1971 -78.508 2 3 29.1045
2132 -77.1948 2 1 0.18078
2293 -79.413 3 3 0.364183
2454 -79.1415 2 1 1.48062
711 -77.4336 1 2 12.4037
1649 -74.4613 3 1 1.18022
1810 -76.1327 3 1 45.9555
1971 -78.508 1 3 44.6885
2132 -77.1948 2 1 0.167245
2293 -79.413 2 3 0.345814
2454 -79.1415 2 1 1.3487
711 -77.4336 1 2 13.0883
1649 -74.4613 3 1 1.12172
1810 -76.1327 3 1 49.4832
1971 -78.508 2 3 41.937
2132 -77.1948 2 1 0.158172
2293 -79.413 3 3 0.314524
2454 -79.1415 2 1 1.30104
711 -77.4336 1 2 12.27
1649 -74.4613 2 1 1.48466
1810 -76.1327 3 1 49.1519
1971 -78.508 2 3 44.9398
2293 -78.8326 2 4 0.304766
2454 -79.1415 2 1 1.19441
711 -77.4336 1 2 11.8008
1649 -74.4613 2 1 1.39282
1810 -76.1327 3 1 46.8457
1971 -78.508 2 3 42.8955
2293 -78.8326 2 4 0.278168
2454 -79.1415 2 1 1.11944
711 -77.4336 1 2 11.9012
1649 -74.4613 2 1 1.31866
1810 -76.1327 3 1 56.2343
1971 -78.508 2 3 44.7051
2293 -78.8326 2 4 0.265932
2454 -79.1415 2 1 1.05679
711 -77.4336 1 2 11.2757
1649 -74.4613 2 1 1.26564
1810 -76.1327 3 1 53.2402
1971 -78.508 2 3 42.146
2293 -78.8326 2 4 0.252264
2454 -79.1415 2 1 1.02445
711 -77.4336 1 2 10.7305
1649 -74.4613 2 1 1.20324
1810 -76.1327 3 1 54.5119
1971 -78.508 2 3 51.7583
2293 -78.8326 2 4 0.483367
2454 -79.1415 2 1 1.07823
711 -77.4336 1 2 10.2386
1649 -74.4613 2 1 1.1381
1810 -76.1327 3 1 54.4777
1971 -78.508 2 3 49.8254
2293 -78.8326 2 4 0.463701
2454 -79.1415 2 1 1.03953
711 -77.4336 1 2 12.113
1649 -76.1943 2 2 1.0918
1810 -76.1327 2 1 56.9297
1971 -78.3656 2 4 49.6219
2454 -79.0559 1 2 1.21067
711 -77.4336 1 2 11.692
1649 -76.1943 2 2 1.0584
1810 -76.1327 2 1 55.058
1971 -78.3656 2 4 48.5952
2454 -79.0559 1 2 1.15158
711 -77.4336 1 2 11.4358
1649 -76.1943 2 2 1.01161
1810 -76.1327 2 1 57.5111
1971 -78.3656 2 4 46.8725
2454 -79.0559 1 2 1.12588
711 -77.4336 1 2 11.0478
1649 -76.1943 2 2 0.963939
1810 -76.1327 2 1 55.0004
1971 -78.3656 2 4 45.529
2454 -79.0559 1 2 1.07264
711 -77.4336 1 2 16.2537
1649 -76.1943 2 2 1.02965
1810 -76.1327 2 1 53.4081
1971 -78.3656 2 4 49.6016
2454 -79.0559 1 2 1.04358
711 -77.4336 1 2 15.6737
1649 -76.1943 2 2 0.995685
1810 -76.1327 2 1 51.6237
1971 -78.3656 2 4 47.9437
2454 -79.0559 1 2 0.989171
711 -77.4336 1 2 18.3339
1649 -76.1943 2 2 1.03554
1810 -76.1327 2 1 52.3895
1971 -78.3656 2 4 49.802
2454 -79.0559 1 2 0.957518
711 -77.4336 1 2 18.2732
1649 -76.1943 2 2 1.00663
1810 -76.1327 2 1 50.2433
1971 -78.3656 2 4 48.8297
2454 -79.0559 1 2 0.92115
711 -77.4336 1 2 20.4173
1649 -76.1943 2 2 1.13379
1810 -76.1327 2 1 50.4386
1971 -78.3656 2 4 52.3422
2454 -79.0559 1 2 0.982374
711 -77.4336 1 2 19.6904
1649 -76.1943 2 2 1.10846
1810 -76.1327 2 1 48.7443
1971 -78.3656 2 4 50.6667
2454 -79.0559 1 2 0.938928
711 -77.4336 1 2 21.8802
1649 -76.1943 2 2 1.15716
1810 -76.1327 2 1 48.4682
1971 -78.3656 2 4 49.2209
2454 -79.0559 1 2 0.919496
711 -77.4336 1 2 21.0173
1649 -76.1943 2 2 1.11334
1810 -76.1327 2 1 46.613
1971 -78.3656 2 4 47.6074
2454 -79.0559 1 2 0.886292
711 -77.4336 1 2 21.3226
1649 -76.1943 2 2 1.5046
1810 -76.1327 2 1 46.9635
1971 -78.3656 2 4 49.4072
2454 -79.0559 1 2 1.01306
711 -77.4336 1 2 20.6015
1649 -76.1943 2 2 1.47889
1810 -76.1327 2 1 45.35
1971 -78.3656 2 4 47.7465
2454 -79.0559 1 2 0.982592
711 -77.4336 1 2 21.7337
1649 -76.1943 2 2 1.69906
1810 -76.1327 2 1 46.8946
1971 -78.3656 2 4 52.9924
2454 -79.0559 1 2 1.01908
711 -77.4336 1 2 22.9107
1649 -76.1943 2 2 1.64884
1810 -76.1327 2 1 45.7651
1971 -78.3656 2 4 51.5784
2454 -79.0559 1 2 0.9902
711 -77.4336 1 2 22.3906
1649 -76.1943 2 2 1.61833
1810 -76.1327 2 1 46.1854
1971 -78.3656 2 4 58.8801
2454 -79.0559 1 2 1.02844
711 -77.4336 1 2 24.9701
1649 -76.1943 2 2 1.56841
1810 -76.1327 2 1 44.9213
1971 -78.3656 2 4 57.4361
2454 -79.0559 1 2 1.00279
711 -77.4336 1 2 24.5395
1649 -76.1943 2 2 1.5316
1810 -76.1327 2 1 47.0625
1971 -78.3656 2 4 58.0298
2454 -79.0559 1 2 0.982487
711 -77.4336 1 2 23.8848
1649 -76.1943 2 2 1.49103
1810 -76.1327 2 1 46.0867
1971 -78.3656 2 4 56.6678
2454 -79.0559 1 2 0.955889
711 -77.4336 1 2 24.2652
1649 -76.1943 2 2 1.47298
1810 -76.1327 2 1 45.5059
1971 -78.3656 2 4 59.0301
2454 -79.0559 1 2 0.936695
711 -77.4336 1 2 23.7829
1649 -76.1943 2 2 1.42324
1810 -76.1327 2 1 44.5019
1971 -78.3656 2 4 58.0719
2454 -79.0559 1 2 0.912317
711 -77.4336 1 2 23.314
1649 -76.1943 2 2 1.44764
1810 -76.1327 2 1 43.6723
1971 -78.3656 2 4 64.1079
2454 -79.0559 1 2 0.898714
711 -77.4336 1 2 23.567
1649 -76.1943 2 2 1.4314
1810 -76.1327 2 1 45.1316
1971 -78.3656 2 4 63.429
2454 -79.0559 1 2 0.877465
711 -77.4336 1 2 23.8231
1649 -76.1943 2 2 1.38601
1810 -76.1327 2 1 45.7676
1971 -78.3656 2 4 62.4233
2454 -79.0559 1 2 0.853163
711 -77.4336 1 2 23.3287
1649 -76.1943 2 2 1.36036
1810 -76.1327 2 1 45.0985
1971 -78.3656 2 4 61.0644
2454 -79.0559 1 2 0.842912
711 -77.4336 1 2 23.2438
1649 -76.1943 2 2 1.37952
1810 -76.1327 2 1 46.2961
1971 -78.3656 2 4 61.9126
2454 -79.0559 1 2 1.07816
711 -77.4336 1 2 23.0508
1649 -76.1943 2 2 1.35808
1810 -76.1327 2 1 45.4001
1971 -78.3656 2 4 60.9266
2454 -79.0559 1 2 1.05282
711 -77.4336 1 2 23.0254
1649 -76.1943 2 2 1.33251
1810 -76.1327 2 1 47.1642
1971 -78.3656 2 4 64.4037
2454 -79.0559 1 2 1.08898
711 -77.4336 1 2 23.2118
1649 -76.1943 2 2 1.30347
1810 -76.1327 2 1 46.5412
1971 -78.3656 2 4 63.1811
2454 -79.0559 1 2 1.06108
711 -77.4336 1 2 22.9072
1649 -76.1943 2 2 1.33067
1810 -76.1327 2 1 46.3936
1971 -78.3656 2 4 62.9684
2454 -79.0559 1 2 1.09081
711 -77.4336 1 2 22.4067
1649 -76.1943 2 2 1.30336
1810 -76.1327 2 1 45.1937
1971 -78.3656 2 4 61.8249
2454 -79.0559 1 2 1.06686
711 -77.4336 1 2 22.3932
1649 -76.1943 2 2 1.33108
1810 -76.1327 2 1 47.7043
1971 -78.3656 1 4 63.0762
2454 -79.0559 1 2 1.0545
711 -77.4336 1 2 22.0852
1649 -76.1943 2 2 1.29848
1810 -76.1327 2 1 46.8983
1971 -78.3656 2 4 64.3434
2454 -79.0559 1 2 1.02922
711 -77.4336 1 2 22.1031
1649 -76.1943 2 2 1.36492
1810 -76.1327 2 1 48.687
1971 -78.3656 2 4 64.5127
2454 -79.0559 1 2 1.18549
711 -77.4336 1 2 21.7508
1649 -76.1943 2 2 1.3529
1810 -76.1327 2 1 47.8929
1971 -78.3656 2 4 63.4405
2454 -79.0559 1 2 1.16932
711 -77.4336 1 2 22.0448
1649 -76.1943 2 2 1.31504
1810 -76.1327 2 1 47.7913
1971 -78.3656 2 4 64.7726
2454 -79.0559 1 2 1.32351
711 -77.4336 1 2 21.765
1649 -76.1943 2 2 1.30021
1810 -76.1327 2 1 46.969
1971 -78.3656 2 4 63.7348
2454 -79.0559 1 2 1.29669
711 -77.4336 1 2 23.5248
1649 -76.1943 2 2 1.32479
1810 -76.1327 2 1 46.2626
1971 -78.3656 2 4 64.0153
2454 -79.0559 1 2 1.3156
711 -77.4336 1 2 23.1294
1649 -76.1943 2 2 1.29266
1810 -76.1327 2 1 45.5291
1971 -78.3656 2 4 62.9156
2454 -79.0559 1 2 1.29833
711 -77.4336 1 2 23.3809
1649 -76.1943 2 2 1.39806
1810 -76.1327 2 1 45.1468
1971 -78.3656 2 4 64.4514
2454 -79.0559 1 2 1.67401
711 -77.4336 1 2 23.3403
1649 -76.1943 2 2 1.37273
1810 -76.1327 2 1 44.5323
1971 -78.3656 2 4 63.174
2454 -79.0559 1 2 1.65606
711 -77.4336 1 2 23.3201
1649 -76.1943 2 2 1.39837
1810 -76.1327 2 1 44.7876
1971 -78.3656 2 4 63.5076
2454 -79.0559 1 2 1.66015
711 -77.4336 1 2 22.9601
1649 -76.1943 2 2 1.37049
1810 -76.1327 2 1 44.3047
1971 -78.3656 2 4 62.7489
2454 -79.0559 1 2 1.64217
711 -77.4336 1 2 23.305
1649 -76.1943 2 2 1.34897
1810 -76.1327 2 1 44.0452
1971 -78.3656 2 4 62.6745
2454 -79.0559 1 2 1.61617
711 -77.4336 1 2 22.8589
1649 -76.1943 2 2 1.32526
1810 -76.1327 2 1 43.0839
1971 -78.3656 2 4 62.0162
2454 -79.0559 1 2 1.58251
711 -77.4336 1 2 23.8779
1649 -76.1943 2 2 1.34508
1810 -76.1327 2 1 43.1048
1971 -78.3656 2 4 62.8519
2454 -79.0559 1 2 1.63561
711 -77.4336 1 2 23.5252
1649 -76.1943 2 2 1.32943
1810 -76.1327 2 1 42.716
1971 -78.3656 2 4 61.6709
2454 -79.0559 1 2 1.61596
711 -77.4336 1 2 24.2663
1649 -76.1943 2 2 1.30804
1810 -76.1327 2 1 43.3781
1971 -78.3656 2 4 62.7384
2454 -79.0559 1 2 1.69649
711 -77.4336 1 2 24.2021
1649 -76.1943 2 2 1.2945
1810 -76.1327 2 1 43.0669
1971 -78.3656 2 4 62.775
2454 -79.0559 1 2 1.66999
711 -77.4336 1 2 23.9335
1649 -76.1943 2 2 1.33969
1810 -76.1327 2 1 42.679
1971 -78.3656 2 4 62.9469
2454 -79.0559 1 2 1.69589
711 -77.4336 1 2 23.8232
1649 -76.1943 2 2 1.31924
1810 -76.1327 2 1 42.2934
1971 -78.3656 2 4 62.558
2454 -79.0559 1 2 1.65709
711 -77.4336 1 2 24.2514
1649 -76.1943 2 2 1.30229
1810 -76.1327 2 1 41.8711
1971 -78.3656 2 4 63.1867
2454 -79.0559 1 2 1.64033
711 -77.4336 1 2 23.8196
1649 -76.1943 2 2 1.29143
1810 -76.1327 2 1 41.2989
1971 -78.3656 2 4 62.358
2454 -79.0559 1 2 1.62763
711 -77.4336 1 2 26.8988
1649 -76.1943 2 2 1.33525
1810 -76.1327 2 1 41.3968
1971 -78.3656 2 4 61.9685
2454 -79.0559 1 2 1.62829
711 -77.4336 1 2 26.6282
1649 -76.1943 2 2 1.31673
1810 -76.1327 2 1 40.9955
1971 -78.3656 2 4 61.1284
2454 -79.0559 1 2 1.60495
711 -77.4336 1 2 27.9764
1649 -76.1943 2 2 1.40205
1810 -76.1327 2 1 40.5062
1971 -78.3656 2 4 61.4911
2454 -79.0559 1 2 1.62896
711 -77.4336 1 2 29.1912
1649 -76.1943 2 2 1.37837
1810 -76.1327 2 1 39.9834
1971 -78.3656 2 4 60.6823
2454 -79.0559 1 2 1.59625
711 -77.4336 1 2 28.7518
1649 -76.1943 1 2 1.42886
1810 -76.1327 2 1 39.7668
1971 -78.3656 2 4 63.9411
2454 -79.0559 1 2 1.57723
711 -77.4336 1 2 28.7323
1649 -76.1943 2 2 1.40432
1810 -76.1327 2 1 41.4762
1971 -78.3656 2 4 63.5061
2454 -79.0559 1 2 1.57008
711 -77.4336 1 2 30.0742
1649 -76.1943 2 2 1.45273
1810 -76.1327 2 1 42.9017
1971 -78.3656 2 4 62.9009
2454 -79.0559 1 2 1.54541
711 -77.4336 1 2 29.8049
1649 -76.1943 2 2 1.43284
1810 -76.1327 2 1 42.3604
1971 -78.3656 2 4 62.4695
2454 -79.0559 1 2 1.5199
711 -77.4336 1 2 29.9674
1649 -76.1943 2 2 1.41705
1810 -76.1327 2 1 42.2862
1971 -78.3656 2 4 63.1588
2454 -79.0559 1 2 1.59134
711 -77.4336 1 2 29.7142
1649 -76.1943 2 2 1.40582
1810 -76.1327 2 1 41.6875
1971 -78.3656 2 4 62.4248
2454 -79.0559 1 2 1.57986
711 -77.4336 1 2 31.3826
1649 -76.1943 2 2 1.38429
1810 -76.1327 2 1 41.7975
1971 -78.3656 2 4 62.5761
2454 -79.0559 1 2 1.58636
711 -77.4336 1 2 31.137
1649 -76.1943 2 2 1.36937
1810 -76.1327 2 1 41.2988
1971 -78.3656 2 4 61.7886
2454 -79.0559 1 2 1.57063
711 -77.4336 1 2 31.114
1649 -76.1943 2 2 1.36056
1810 -76.1327 2 1 41.2247
1971 -78.3656 2 4 61.6498
2454 -79.0559 1 2 1.58027
711 -77.4336 1 2 30.7713
1649 -76.1943 2 2 1.33596
1810 -76.1327 2 1 40.8678
1971 -78.3656 2 4 61.3857
2454 -79.0559 1 2 1.5687
711 -77.4336 1 2 31.6385
1649 -76.1943 2 2 1.32595
1810 -76.1327 2 1 41.583
1971 -78.3656 2 4 61.8347
2454 -79.0559 1 2 1.54238
711 -77.4336 1 2 31.2592
1649 -76.1943 2 2 1.30959
1810 -76.1327 2 1 41.074
1971 -78.3656 2 4 61.2784
2454 -79.0559 1 2 1.53352
711 -77.4336 1 2 32.7643
1649 -76.1943 2 2 1.34691
1810 -76.1327 2 1 40.6584
1971 -78.3656 2 4 62.5503
2454 -79.0559 1 2 1.50831
711 -77.4336 1 2 32.3699
1649 -76.1943 2 2 1.3392
1810 -76.1327 2 1 40.2316
1971 -78.3656 2 4 61.9618
2454 -79.0559 1 2 1.49879
711 -77.4336 1 2 32.4301
1649 -76.1943 2 2 1.34477
1810 -76.1327 2 1 40.7488
1971 -78.3656 2 4 62.6894
2454 -79.0559 1 2 1.55707
711 -77.4336 1 2 32.194
1649 -76.1943 2 2 1.33413
1810 -76.1327 2 1 40.1947
1971 -78.3656 2 4 62.127
2454 -79.0559 1 2 1.5382
711 -77.4336 1 2 32.4155
1649 -76.1943 2 2 1.31685
1810 -76.1327 2 1 40.5532
1971 -78.3656 1 4 63.0976
2454 -79.0559 1 2 1.55284
711 -77.4336 1 2 32.1099
1649 -76.1943 2 2 1.30494
1810 -76.1327 2 1 40.2744
1971 -78.3656 2 4 64.7947
2454 -79.0559 1 2 1.53522
711 -77.4336 1 2 32.2637
1649 -76.1943 2 2 1.28996
1810 -76.1327 2 1 40.7293
1971 -78.3656 2 4 64.8724
2454 -79.0559 1 2 1.54267
711 -77.4336 1 2 31.9516
1649 -76.1943 2 2 1.28504
1810 -76.1327 2 1 40.3659
1971 -78.3656 2 4 64.3779
2454 -79.0559 1 2 1.53286
711 -77.4336 1 2 31.7307
1649 -76.1943 2 2 1.29085
1810 -76.1327 2 1 40.1152
1971 -78.3656 2 4 66.1097
2454 -79.0559 1 2 1.56511
711 -77.4336 1 2 31.4102
1649 -76.1943 2 2 1.27615
1810 -76.1327 2 1 39.7294
1971 -78.3656 2 4 65.3704
2454 -79.0559 1 2 1.55567
711 -77.4336 1 2 31.3702
1649 -76.1943 2 2 1.29232
1810 -76.1327 2 1 39.6896
1971 -78.3656 2 4 64.6692
2454 -79.0559 1 2 1.58059
711 -77.4336 1 2 30.9413
1649 -76.1943 2 2 1.28238
1810 -76.1327 2 1 39.4116
1971 -78.3656 2 4 64.1489
2454 -79.0559 1 2 1.56435
711 -77.4336 1 2 30.7934
1649 -76.1943 2 2 1.31125
1810 -76.1327 2 1 41.7838
1971 -78.3656 2 4 64.5544
2454 -79.0559 1 2 1.60015
711 -77.4336 1 2 30.4337
1649 -76.1943 2 2 1.30466
1810 -76.1327 2 1 41.5622
1971 -78.3656 2 4 63.9559
2454 -79.0559 1 2 1.58663
711 -77.4336 1 2 30.4104
1649 -76.1943 2 2 1.33641
1810 -76.1327 2 1 41.7983
1971 -78.3656 2 4 64.7227
2454 -79.0559 1 2 1.61561
711 -77.4336 1 2 30.1336
1649 -76.1943 2 2 1.32168
1810 -76.1327 2 1 41.5222
1971 -78.3656 2 4 64.1251
2454 -79.0559 1 2 1.60128
711 -77.4336 1 2 29.9692
1649 -76.1943 2 2 1.35965
1810 -76.1327 2 1 42.8927
1971 -78.3656 2 4 64.0323
2454 -79.0559 1 2 1.63616
711 -77.4336 1 2 29.6388
1649 -76.1943 2 2 1.34264
1810 -76.1327 2 1 42.9913
1971 -78.3656 2 4 63.3886
2454 -79.0559 1 2 1.61617
711 -77.4336 1 2 30.6744
1649 -76.1943 2 2 1.37819
1810 -76.1327 2 1 42.441
1971 -78.3656 2 4 63.3383
2454 -79.0559 1 2 1.62755
711 -77.4336 1 2 30.3818
1649 -76.1943 2 2 1.36688
1810 -76.1327 2 1 42.0564
1971 -78.3656 2 4 62.9977
2454 -79.0559 1 2 1.61134
711 -77.4336 1 2 30.7983
1649 -76.1943 2 2 1.37411
1810 -76.1327 2 1 42.0256
1971 -78.3656 2 4 63.1301
2454 -79.0559 1 2 1.60222
711 -77.4336 1 2 30.4751
1649 -76.1943 2 2 1.36171
1810 -76.1327 2 1 41.5695
1971 -78.3656 2 4 64.3284
2454 -79.0559 1 2 1.5854
711 -77.4336 1 2 30.5126
1649 -76.1943 2 2 1.48465
1810 -76.1327 2 1 42.0801
1971 -78.3656 2 4 65.0797
2454 -79.0559 1 2 1.57009
711 -77.4336 1 2 31.5866
1649 -76.1943 2 2 1.47232
1810 -76.1327 2 1 42.4391
1971 -78.3656 2 4 64.5103
2454 -79.0559 1 2 1.55566
711 -77.4336 1 2 31.4559
1649 -76.1943 2 2 1.4606
1810 -76.1327 1 1 42.6875
1971 -78.3656 2 4 65.8173
2454 -79.0559 0 2 1.54583
711 -77.4336 1 2 31.476
1649 -76.1943 2 2 1.44269
1810 -76.1327 2 1 43.0918
1971 -78.3656 2 4 66.5006
2454 -79.0559 1 2 1.5273
711 -77.4336 1 2 31.4309
1649 -76.1943 2 2 1.45654
1810 -76.1327 2 1 44.13
1971 -78.3656 2 4 66.6924
2454 -79.0559 1 2 1.55829
711 -77.4336 1 2 31.5828
1649 -76.1943 2 2 1.44022
1810 -76.1327 2 1 43.8467
1971 -78.3656 2 4 66.7982
2454 -79.0559 1 2 1.54646
711 -77.4336 1 2 31.3072
1649 -76.1943 2 2 1.43318
1810 -76.1327 2 1 43.527
1971 -78.3656 2 4 66.534
2454 -79.0559 1 2 1.59407
711 -77.4336 1 2 31.0287
1649 -76.1943 2 2 1.4157
1810 -76.1327 2 1 43.1904
1971 -78.3656 2 4 66.2125
2454 -79.0559 1 2 1.58224
711 -77.4336 1 2 30.9601
1649 -76.1943 2 2 1.53048
1810 -76.1327 2 1 43.3028
1971 -78.3656 2 4 66.8737
2454 -79.0559 1 2 1.59357
711 -77.4336 1 2 30.6185
1649 -76.1943 2 2 1.51764
1810 -76.1327 2 1 43.0411
1971 -78.3656 2 4 66.9782
2454 -79.0559 1 2 1.58276
711 -77.4336 1 2 30.5362
1649 -76.1943 2 2 1.52864
1810 -76.1327 2 1 42.6919
1971 -78.3656 2 4 66.8478
2454 -79.0559 1 2 1.64376
711 -77.4336 1 2 30.2047
1649 -76.1943 2 2 1.51156
1810 -76.1327 2 1 42.4314
1971 -78.3656 2 4 66.1681
2454 -79.0559 1 2 1.63102
711 -77.4336 1 2 30.6578
1649 -76.1943 2 2 1.65644
1810 -76.1327 2 1 42.3211
1971 -78.3656 2 4 66.9601
2454 -79.0559 1 2 1.63907
711 -77.4336 1 2 30.4787
1649 -76.1943 2 2 1.6424
1810 -76.1327 2 1 42.0117
1971 -78.3656 2 4 67.7844
2454 -79.0559 1 2 1.63153
711 -77.4336 1 2 30.5616
1649 -76.1943 2 2 1.77071
1810 -76.1327 2 1 42.1334
1971 -78.3656 2 4 68.0383
2454 -79.0559 1 2 1.61321
711 -77.4336 1 2 30.4122
1649 -76.1943 2 2 1.7543
1810 -76.1327 2 1 41.7702
1971 -78.3656 2 4 67.5752
2454 -79.0559 1 2 1.60188
711 -77.4336 1 2 30.223
1649 -76.1943 2 2 1.77827
1810 -76.1327 2 1 43.5398
1971 -78.3656 2 4 67.534
2454 -79.0559 1 2 1.59039
711 -77.4336 1 2 30.6524
1649 -76.1943 2 2 1.76581
1810 -76.1327 2 1 44.326
1971 -78.3656 2 4 67.3079
2454 -79.0559 1 2 1.57765
711 -77.4336 1 2 30.8877
1649 -76.1943 2 2 1.75015
1810 -76.1327 2 1 44.4148
1971 -78.3656 2 4 66.7607
2454 -79.0559 1 2 1.60334
711 -77.4336 1 2 30.6563
1649 -76.1943 2 2 1.73856
1810 -76.1327 2 1 44.1916
1971 -78.3656 2 4 66.1317
2454 -79.0559 1 2 1.58828
711 -77.4336 1 2 30.5924
1649 -76.1943 2 2 1.72425
1810 -76.1327 2 1 44.1872
1971 -78.3656 2 4 65.8313
2454 -79.0559 1 2 1.59569
711 -77.4336 1 2 30.4055
1649 -76.1943 2 2 1.7158
1810 -76.1327 2 1 43.829
1971 -78.3656 2 4 65.3446
2454 -79.0559 1 2 1.58522
711 -77.4336 1 2 30.4594
1649 -76.1943 2 2 1.71791
1810 -76.1327 2 1 44.3062
1971 -78.3656 2 4 65.8205
2454 -79.0559 1 2 1.59206
711 -77.4336 1 2 30.2884
1649 -76.1943 2 2 1.70961
1810 -76.1327 2 1 44.0769
1971 -78.3656 2 4 65.2863
2454 -79.0559 1 2 1.57893
711 -77.4336 1 2 29.9901
1649 -76.1943 2 2 1.69375
1810 -76.1327 2 1 43.823
1971 -78.3656 2 4 66.9021
2454 -79.0559 1 2 1.66024
711 -77.4336 1 2 29.8067
1649 -76.1943 2 2 1.6814
1810 -76.1327 2 1 43.4581
1971 -78.3656 2 4 66.3216
2454 -79.0559 1 2 1.64447
711 -77.4336 1 2 30.0271
1649 -76.1943 2 2 1.68667
1810 -76.1327 2 1 43.4347
1971 -78.3656 2 4 66.3725
2454 -79.0559 1 2 1.6579
711 -77.4336 1 2 29.7591
1649 -76.1943 2 2 1.68096
1810 -76.1327 2 1 43.0141
1971 -78.3656 2 4 65.8309
2454 -79.0559 1 2 1.64047
711 -77.4336 1 2 30.1213
1649 -76.1943 2 2 1.69991
1810 -76.1327 2 1 43.9878
1971 -78.3656 2 4 65.5988
2454 -79.0559 1 2 1.66399
711 -77.4336 1 2 29.8831
1649 -76.1943 2 2 1.68911
1810 -76.1327 2 1 43.7045
1971 -78.3656 2 4 65.1565
2454 -79.0559 1 2 1.65541
711 -77.4336 1 2 29.7499
1649 -76.1943 2 2 1.69266
1810 -76.1327 2 1 43.4966
1971 -78.3656 2 4 65.5894
2454 -79.0559 1 2 1.64122
711 -77.4336 1 2 29.5188
1649 -76.1943 2 2 1.67972
1810 -76.1327 2 1 43.1976
1971 -78.3656 2 4 65.2542
2454 -79.0559 1 2 1.62993
711 -77.4336 1 2 29.305
1649 -76.1943 2 2 1.67005
1810 -76.1327 2 1 43.3719
1971 -78.3656 2 4 65.7465
2454 -79.0559 1 2 1.64085
711 -77.4336 1 2 29.1504
1649 -76.1943 2 2 1.65824
1810 -76.1327 2 1 43.173
1971 -78.3656 2 4 65.4833
2454 -79.0559 1 2 1.62962
711 -77.4336 1 2 28.9888
1649 -76.1943 2 2 1.6839
1810 -76.1327 2 1 42.9939
1971 -78.3656 2 4 65.8255
2454 -79.0559 1 2 1.6317
711 -77.4336 1 2 28.8615
1649 -76.1943 2 2 1.66992
1810 -76.1327 2 1 42.7009
1971 -78.3656 2 4 65.3716
2454 -79.0559 1 2 1.62047
711 -77.4336 1 2 28.6331
1649 -76.1943 2 2 1.66035
1810 -76.1327 2 1 42.464
1971 -78.3656 2 4 65.9669
2454 -79.0559 1 2 1.6134
711 -77.4336 1 2 28.4487
1649 -76.1943 2 2 1.6473
1810 -76.1327 2 1 42.14
1971 -78.3656 2 4 65.5711
2454 -79.0559 1 2 1.5998
711 -77.4336 1 2 28.6754
1649 -76.1943 2 2 1.65212
1810 -76.1327 2 1 42.1715
1971 -78.3656 2 4 65.544
2454 -79.0559 1 2 1.58712
711 -77.4336 1 2 29.3723
1649 -76.1943 2 2 1.64179
1810 -76.1327 2 1 41.8419
1971 -78.3656 2 4 65.1845
2454 -79.0559 1 2 1.57954
711 -77.4336 1 2 29.2668
1649 -76.1943 2 2 1.7155
1810 -76.1327 2 1 41.8614
1971 -78.3656 2 4 66.0527
2454 -79.0559 1 2 1.58446
711 -77.4336 1 2 29.5951
1649 -76.1943 2 2 1.70512
1810 -76.1327 2 1 41.6719
1971 -78.3656 2 4 65.8438
2454 -79.0559 1 2 1.57287
711 -77.4336 1 2 29.5444
1649 -76.1943 2 2 1.71072
1810 -76.1327 2 1 41.4836
1971 -78.3656 2 4 66.9095
2454 -79.0559 1 2 1.56283
711 -77.4336 1 2 29.3496
1649 -76.1943 2 2 1.69547
1810 -76.1327 2 1 41.3105
1971 -78.3656 2 4 66.5705
2454 -79.0559 1 2 1.55465
711 -77.4336 1 2 29.7966
1649 -76.1943 2 2 1.71878
1810 -76.1327 2 1 41.5144
1971 -78.3656 2 4 66.3141
2454 -79.0559 1 2 1.54558
711 -77.4336 1 2 29.6616
1649 -76.1943 2 2 1.71024
1810 -76.1327 2 1 41.3285
1971 -78.3656 2 4 65.7509
2454 -79.0559 1 2 1.53312
711 -77.4336 1 2 29.9845
1649 -76.1943 2 2 1.69581
1810 -76.1327 2 1 41.2917
1971 -78.3656 2 4 66.4683
2454 -79.0559 1 2 1.54055
711 -77.4336 1 2 29.8267
1649 -76.1943 2 2 1.68645
1810 -76.1327 2 1 40.9585
1971 -78.3656 2 4 66.2235
2454 -79.0559 1 2 1.53103
711 -77.4336 1 2 29.9457
1649 -76.1943 2 2 1.69466
1810 -76.1327 2 1 41.1029
1971 -78.3656 2 4 66.1291
2454 -79.0559 1 2 1.53963
711 -77.4336 1 2 29.7514
1649 -76.1943 2 2 1.68203
1810 -76.1327 2 1 40.7762
1971 -78.3656 2 4 65.7078
2454 -79.0559 1 2 1.52738
711 -77.4336 1 2 30.3206
1649 -76.1943 2 2 1.69883
1810 -76.1327 2 1 40.5135
1971 -78.3656 2 4 66.2607
2454 -79.0559 1 2 1.55009
711 -77.4336 1 2 30.1236
1649 -76.1943 2 2 1.69067
1810 -76.1327 2 1 40.2534
1971 -78.3656 2 4 65.9205
2454 -79.0559 1 2 1.54418
711 -77.4336 1 2 30.0271
1649 -76.1943 2 2 1.70886
1810 -76.1327 2 1 40.1008
1971 -78.3656 2 4 66.4238
2454 -79.0559 1 2 1.52915
711 -77.4336 1 2 29.98
1649 -76.1943 2 2 1.70256
1810 -76.1327 2 1 39.9017
1971 -78.3656 2 4 66.0894
2454 -79.0559 1 2 1.52065
711 -77.4336 1 2 30.2319
1649 -76.1943 2 2 1.68992
1810 -76.1327 2 1 39.632
1971 -78.3656 2 4 66.8484
2454 -79.0559 1 2 1.52783
711 -77.4336 1 2 30.0463
1649 -76.1943 2 2 1.67882
1810 -76.1327 2 1 39.3962
1971 -78.3656 2 4 66.5299
2454 -79.0559 1 2 1.51824
711 -77.4336 1 2 29.9
1649 -76.1943 2 2 1.68807
1810 -76.1327 2 1 39.421
1971 -78.3656 2 4 67.4915
2454 -79.0559 1 2 1.54133
711 -77.4336 1 2 29.7718
1649 -76.1943 2 2 1.67407
1810 -76.1327 2 1 39.1257
1971 -78.3656 2 4 67.1123
2454 -79.0559 1 2 1.52842
711 -77.4336 1 2 29.9954
1649 -76.1943 2 2 1.66362
1810 -76.1327 2 1 39.4542
1971 -78.3656 2 4 67.1713
2454 -79.0559 1 2 1.52143
711 -77.4336 1 2 29.8504
1649 -76.1943 2 2 1.65475
1810 -76.1327 2 1 39.1191
1971 -78.3656 2 4 66.8837
2454 -79.0559 1 2 1.51338
711 -77.4336 1 2 29.8483
1649 -76.1943 2 2 1.73157
1810 -76.1327 2 1 39.2665
1971 -78.3656 2 4 67.1917
2454 -79.0559 1 2 1.50261
711 -77.4336 1 2 29.685
1649 -76.1943 2 2 1.7208
1810 -76.1327 2 1 39.1756
1971 -78.3656 2 4 66.9506
2454 -79.0559 1 2 1.49555
711 -77.4336 1 2 29.6186
1649 -76.1943 2 2 1.72572
1810 -76.1327 2 1 40.2882
1971 -78.3656 2 4 66.6826
2454 -79.0559 1 2 1.50443
711 -77.4336 1 2 29.5678
1649 -76.1943 2 2 1.7184
1810 -76.1327 2 1 40.1799
1971 -78.3656 2 4 66.3086
2454 -79.0559 1 2 1.49022
711 -77.4336 1 2 29.5968
1649 -76.1943 2 2 1.71148
1810 -76.1327 2 1 39.9739
1971 -78.3656 2 4 66.7247
2454 -79.0559 1 2 1.48207
711 -77.4336 1 2 29.4688
1649 -76.1943 2 2 1.69885
1810 -76.1327 2 1 39.7341
1971 -78.3656 2 4 66.2398
2454 -79.0559 1 2 1.47516
711 -77.4336 1 2 29.3768
1649 -76.1943 2 2 1.71999
1810 -76.1327 2 1 39.6951
1971 -78.3656 2 4 66.8624
2454 -79.0559 1 2 1.48146
711 -77.4336 1 2 30.0273
1649 -76.1943 2 2 1.71181
1810 -76.1327 2 1 39.6156
1971 -78.3656 2 4 67.1393
2454 -79.0559 1 2 1.47374
711 -77.4336 1 2 29.9422
1649 -76.1943 2 2 1.69568
1810 -76.1327 2 1 39.4686
1971 -78.3656 2 4 67.7618
2454 -79.0559 1 2 1.47896
711 -77.4336 1 2 29.7547
1649 -76.1943 2 2 1.69075
1810 -76.1327 2 1 39.2224
1971 -78.3656 2 4 67.397
2454 -79.0559 1 2 1.47319
711 -77.4336 1 2 29.6615
1649 -76.1943 1 2 1.7456
1810 -76.1327 1 1 39.4364
1971 -78.3656 1 4 67.7136
2454 -79.0559 0 2 1.49152
711 -77.4336 1 2 30.3753
1649 -76.1943 2 2 1.73675
1810 -76.1327 2 1 39.36
1971 -78.3656 2 4 67.5976
2454 -79.0559 1 2 1.48255
711 -77.4336 1 2 30.207
1649 -76.1943 2 2 1.72638
1810 -76.1327 2 1 39.4741
1971 -78.3656 2 4 68.084
2454 -79.0559 1 2 1.47629
711 -77.4336 1 2 30.0567
1649 -76.1943 2 2 1.72016
1810 -76.1327 2 1 39.33
1971 -78.3656 2 4 67.6851
2454 -79.0559 1 2 1.46761
711 -77.4336 1 2 30.0436
1649 -76.1943 2 2 1.71233
1810 -76.1327 2 1 39.5048
1971 -78.3656 2 4 67.9545
2454 -79.0559 1 2 1.48388
711 -77.4336 1 2 30.1798
1649 -76.1943 2 2 1.70192
1810 -76.1327 2 1 39.2274
1971 -78.3656 2 4 67.5596
2454 -79.0559 1 2 1.47679
711 -77.4336 1 2 30.0515
1649 -76.1943 2 2 1.70564
1810 -76.1327 2 1 39.5998
1971 -78.3656 2 4 67.3253
2454 -79.0559 1 2 1.53353
711 -77.4336 1 2 29.9325
1649 -76.1943 2 2 1.69848
1810 -76.1327 2 1 39.3202
1971 -78.3656 2 4 66.9408
2454 -79.0559 1 2 1.52842
711 -77.4336 1 2 29.9002
1649 -76.1943 2 2 1.70166
1810 -76.1327 2 1 39.5387
1971 -78.3656 2 4 67.0245
2454 -79.0559 1 2 1.53199
711 -77.4336 1 2 29.6988
1649 -76.1943 2 2 1.69208
1810 -76.1327 2 1 39.3446
1971 -78.3656 2 4 66.7572
2454 -79.0559 1 2 1.5245
711 -77.4336 1 2 29.97
1649 -76.1943 2 2 1.68538
1810 -76.1327 2 1 39.257
1971 -78.3656 2 4 66.4483
2454 -79.0559 1 2 1.55693
711 -77.4336 1 2 29.8312
1649 -76.1943 2 2 1.67434
1810 -76.1327 2 1 39.1435
1971 -78.3656 2 4 66.0762
2454 -79.0559 1 2 1.54752
711 -77.4336 1 2 30.1087
1649 -76.1943 2 2 1.67813
1810 -76.1327 2 1 39.7431
1971 -78.3656 2 4 66.1058
2454 -79.0559 1 2 1.56611
711 -77.4336 1 2 30.003
1649 -76.1943 2 2 1.67165
1810 -76.1327 2 1 39.8254
1971 -78.3656 2 4 65.672
2454 -79.0559 1 2 1.55591
711 -77.4336 1 2 30.0954
1649 -76.1943 2 2 1.67304
1810 -76.1327 2 1 40.054
1971 -78.3656 2 4 65.8673
2454 -79.0559 1 2 1.56016
711 -77.4336 1 2 30.0623
1649 -76.1943 2 2 1.66843
1810 -76.1327 2 1 39.7905
1971 -78.3656 2 4 65.5548
2454 -79.0559 1 2 1.55447
711 -77.4336 1 2 30.5088
1649 -76.1943 2 2 1.70794
1810 -76.1327 2 1 39.7186
1971 -78.3656 2 4 65.8221
2454 -79.0559 1 2 1.58295
711 -77.4336 1 2 30.3507
1649 -76.1943 2 2 1.6981
1810 -76.1327 2 1 39.5237
1971 -78.3656 2 4 65.3552
2454 -79.0559 1 2 1.57486
711 -77.4336 1 2 30.2482
1649 -76.1943 2 2 1.68936
1810 -76.1327 2 1 40.4095
1971 -78.3656 2 4 65.6599
2454 -79.0559 1 2 1.58208
711 -77.4336 1 2 30.1715
1649 -76.1943 2 2 1.68544
1810 -76.1327 2 1 40.2934
1971 -78.3656 2 4 65.3905
2454 -79.0559 1 2 1.57097
711 -77.4336 1 2 30.0535
1649 -76.1943 2 2 1.68469
1810 -76.1327 2 1 40.168
1971 -78.3656 2 4 65.7012
2454 -79.0559 1 2 1.57538
711 -77.4336 1 2 30.0516
1649 -76.1943 2 2 1.67795
1810 -76.1327 2 1 39.9593
1971 -78.3656 2 4 65.4822
2454 -79.0559 1 2 1.57224
711 -77.4336 1 2 30.2356
1649 -76.1943 2 2 1.67343
1810 -76.1327 2 1 39.765
1971 -78.3656 2 4 65.622
2454 -79.0559 1 2 1.57643
711 -77.4336 1 2 30.148
1649 -76.1943 2 2 1.66186
1810 -76.1327 2 1 39.6532
1971 -78.3656 2 4 65.3687
2454 -79.0559 1 2 1.56421
711 -77.4336 1 2 30.0699
1649 -76.1943 2 2 1.66434
1810 -76.1327 2 1 39.7699
1971 -78.3656 2 4 65.7726
2454 -79.0559 1 2 1.582
711 -77.4336 1 2 29.9387
1649 -76.1943 2 2 1.66046
1810 -76.1327 2 1 39.9024
1971 -78.3656 2 4 65.5473
2454 -79.0559 1 2 1.57476
711 -77.4336 1 2 30.3908
1649 -76.1943 2 2 1.67737
1810 -76.1327 2 1 39.8777
1971 -78.3656 2 4 65.5255
2454 -79.0559 1 2 1.56875
711 -77.4336 1 2 30.1991
1649 -76.1943 2 2 1.66579
1810 -76.1327 2 1 39.6312
1971 -78.3656 2 4 65.1236
2454 -79.0559 1 2 1.55879
711 -77.4336 1 2 30.2012
1649 -76.1943 2 2 1.65838
1810 -76.1327 2 1 39.7608
1971 -78.3656 2 4 65.83
2454 -79.0559 1 2 1.56651
711 -77.4336 1 2 30.1197
1649 -76.1943 2 2 1.65337
1810 -76.1327 2 1 39.6647
1971 -78.3656 2 4 65.5131
2454 -79.0559 1 2 1.55636
711 -77.4336 1 2 30.1006
1649 -76.1943 2 2 1.6547
1810 -76.1327 2 1 39.5612
1971 -78.3656 2 4 66.3476
2454 -79.0559 1 2 1.56039
711 -77.4336 1 2 30.2055
1649 -76.1943 2 2 1.64519
1810 -76.1327 2 1 39.3353
1971 -78.3656 2 4 66.4674
2454 -79.0559 1 2 1.55483
711 -77.4336 1 2 30.2659
1649 -76.1943 2 2 1.63844
1810 -76.1327 2 1 39.7533
1971 -78.3656 2 4 66.4652
2454 -79.0559 1 2 1.54539
711 -77.4336 1 2 30.0759
1649 -76.1943 2 2 1.63155
1810 -76.1327 2 1 39.5843
1971 -78.3656 2 4 66.2319
2454 -79.0559 1 2 1.54019
711 -77.4336 1 2 29.9716
1649 -76.1943 2 2 1.62361
1810 -76.1327 2 1 39.491
1971 -78.3656 2 4 67.6515
2454 -79.0559 1 2 1.56931
711 -77.4336 1 2 29.9291
1649 -76.1943 2 2 1.61857
1810 -76.1327 2 1 39.3381
1971 -78.3656 2 4 67.3296
2454 -79.0559 1 2 1.55898
711 -77.4336 1 2 30.1264
1649 -76.1943 2 2 1.6106
1810 -76.1327 2 1 39.2603
1971 -78.3656 2 4 67.4384
2454 -79.0559 1 2 1.57884
711 -77.4336 1 2 30.006
1649 -76.1943 2 2 1.60301
1810 -76.1327 2 1 39.0901
1971 -78.3656 2 4 67.1003
2454 -79.0559 1 2 1.56942
711 -77.4336 1 2 30.1721
1649 -76.1943 2 2 1.6088
1810 -76.1327 2 1 39.1728
1971 -78.3656 2 4 66.9643
2454 -79.0559 1 2 1.59614
711 -77.4336 1 2 30.0847
1649 -76.1943 2 2 1.59889
1810 -76.1327 2 1 39.1124
1971 -78.3656 2 4 66.6346
2454 -79.0559 1 2 1.58743
711 -77.4336 1 2 30.1348
1649 -76.1943 2 2 1.59369
1810 -76.1327 2 1 39.1381
1971 -78.3656 2 4 66.4529
2454 -79.0559 1 2 1.60484
711 -77.4336 1 2 30.0432
1649 -76.1943 2 2 1.58543
1810 -76.1327 2 1 39.0168
1971 -78.3656 2 4 66.1197
2454 -79.0559 1 2 1.59708
711 -77.4336 1 2 29.8877
1649 -76.1943 2 2 1.57866
1810 -76.1327 2 1 38.8644
1971 -78.3656 2 4 66.7444
2454 -79.0559 1 2 1.58858
711 -77.4336 1 2 29.7808
1649 -76.1943 2 2 1.57054
1810 -76.1327 2 1 38.7014
1971 -78.3656 2 4 66.3365
2454 -79.0559 1 2 1.58405
711 -77.4336 1 2 29.7264
1649 -76.1943 2 2 1.56461
1810 -76.1327 2 1 38.6699
1971 -78.3656 2 4 66.7237
2454 -79.0559 1 2 1.64034
711 -77.4336 1 2 30.2028
1649 -76.1943 2 2 1.5596
1810 -76.1327 2 1 38.5808
1971 -78.3656 2 4 66.5196
2454 -79.0559 1 2 1.63337
711 -77.4336 1 2 30.1222
1649 -76.1943 2 2 1.55347
1810 -76.1327 2 1 38.4974
1971 -78.3656 2 4 66.3705
2454 -79.0559 1 2 1.64684
711 -77.4336 1 2 30.0396
1649 -76.1943 2 2 1.54375
1810 -76.1327 2 1 38.3566
1971 -78.3656 2 4 66.1902
2454 -79.0559 1 2 1.64324
711 -77.4336 1 2 30.1176
1649 -76.1943 2 2 1.53848
1810 -76.1327 2 1 38.2422
1971 -78.3656 2 4 67.1464
2454 -79.0559 1 2 1.65492
711 -77.4336 1 2 30.0161
1649 -76.1943 2 2 1.53142
1810 -76.1327 2 1 38.1194
1971 -78.3656 2 4 66.8868
2454 -79.0559 1 2 1.65129
711 -77.4336 1 2 30.1671
1649 -76.1943 2 2 1.5265
1810 -76.1327 2 1 37.9355
1971 -78.3656 2 4 67.0787
2454 -79.0559 1 2 1.67232
711 -77.4336 1 2 30.0588
1649 -76.1943 2 2 1.52024
1810 -76.1327 2 1 37.7692
1971 -78.3656 2 4 66.7531
2454 -79.0559 1 2 1.67011
711 -77.4336 1 2 30.4095
1649 -76.1943 2 2 1.51215
1810 -76.1327 2 1 37.6879
1971 -78.3656 2 4 66.8391
2454 -79.0559 1 2 1.65909
711 -77.4336 1 2 30.2627
1649 -76.1943 2 2 1.50811
1810 -76.1327 2 1 37.567
1971 -78.3656 2 4 66.7254
2454 -79.0559 1 2 1.65194
711 -77.4336 1 2 30.2823
1649 -76.1943 2 2 1.50838
1810 -76.1327 2 1 37.8632
1971 -78.3656 2 4 66.3542
2454 -79.0559 1 2 1.69727
711 -77.4336 1 2 30.1243
1649 -76.1943 2 2 1.50182
1810 -76.1327 2 1 37.629
1971 -78.3656 2 4 66.091
2454 -79.0559 1 2 1.69105
711 -77.4336 1 2 29.9886
1649 -76.1943 2 2 1.49847
1810 -76.1327 2 1 37.5331
1971 -78.3656 2 4 67.1286
2454 -79.0559 1 2 1.73426
711 -77.4336 1 2 29.8752
1649 -76.1943 2 2 1.49112
1810 -76.1327 2 1 37.3278
1971 -78.3656 2 4 66.9164
2454 -79.0559 1 2 1.72724
711 -77.4336 1 2 29.8272
1649 -76.1943 2 2 1.49613
1810 -76.1327 2 1 37.5117
1971 -78.3656 2 4 67.2193
2454 -79.0559 1 2 1.72119
711 -77.4336 1 2 29.7008
1649 -76.1943 2 2 1.48874
1810 -76.1327 2 1 37.3069
1971 -78.3656 2 4 67.086
2454 -79.0559 1 2 1.71626
711 -77.4336 1 2 29.9863
1649 -76.1943 2 2 1.52411
1810 -76.1327 2 1 37.1931
1971 -78.3656 2 4 67.5572
2454 -79.0559 1 2 1.718
711 -77.4336 1 2 29.9423
1649 -76.1943 2 2 1.51867
1810 -76.1327 2 1 36.9685
1971 -78.3656 2 4 67.2703
2454 -79.0559 1 2 1.7097
711 -77.4336 1 2 29.8163
1649 -76.1943 2 2 1.51045
1810 -76.1327 2 1 36.8173
1971 -78.3656 2 4 67.6024
2454 -79.0559 1 2 1.71263
711 -77.4336 1 2 29.7575
1649 -76.1943 2 2 1.50586
1810 -76.1327 2 1 36.67
1971 -78.3656 2 4 67.3313
2454 -79.0559 1 2 1.70701
711 -77.4336 1 2 29.6104
1649 -76.1943 2 2 1.51763
1810 -76.1327 2 1 37.3984
1971 -78.3656 2 4 67.7064
2454 -79.0559 1 2 1.69871
711 -77.4336 1 2 29.7051
1649 -76.1943 2 2 1.51188
1810 -76.1327 2 1 37.2226
1971 -78.3656 2 4 67.5643
2454 -79.0559 1 2 1.69402
711 -77.4336 1 2 30.0646
1649 -76.1943 2 2 1.50644
1810 -76.1327 2 1 37.3088
1971 -78.3656 2 4 67.4585
2454 -79.0559 1 2 1.73523
711 -77.4336 1 2 29.961
1649 -76.1943 2 2 1.50345
1810 -76.1327 2 1 37.1345
1971 -78.3656 2 4 67.1599
2454 -79.0559 1 2 1.72802
711 -77.4336 1 2 29.8763
1649 -76.1943 2 2 1.49792
1810 -76.1327 2 1 37.6034
1971 -78.3656 2 4 67.3902
2454 -79.0559 1 2 1.72304
711 -77.4336 1 2 29.768
1649 -76.1943 2 2 1.4886
1810 -76.1327 2 1 37.4085
1971 -78.3656 2 4 67.1435
2454 -79.0559 1 2 1.71862
711 -77.4336 1 2 29.7448
1649 -76.1943 2 2 1.48287
1810 -76.1327 2 1 37.9486
1971 -78.3656 1 4 67.6647
2454 -79.0559 1 2 1.71125
711 -77.4336 1 2 29.5614
1649 -76.1943 2 2 1.47831
1810 -76.1327 2 1 37.9795
1971 -78.3656 2 4 67.4963
2454 -79.0559 1 2 1.70105
711 -77.4336 1 2 29.8698
1649 -76.1943 2 2 1.49087
1810 -76.1327 2 1 37.8433
1971 -78.3656 2 4 67.9575
2454 -79.0559 1 2 1.70454
711 -77.4336 1 2 29.8252
1649 -76.1943 2 2 1.4865
1810 -76.1327 2 1 37.8015
1971 -78.3656 2 4 67.8763
2454 -79.0559 1 2 1.70119
711 -77.4336 1 2 29.7493
1649 -76.1943 2 2 1.47948
1810 -76.1327 2 1 37.8182
1971 -78.3656 2 4 67.707
2454 -79.0559 1 2 1.69451
711 -77.4336 1 2 29.649
1649 -76.1943 2 2 1.47373
1810 -76.1327 2 1 37.7119
1971 -78.3656 2 4 67.423
2454 -79.0559 1 2 1.6865
711 -77.4336 1 2 29.5553
1649 -76.1943 2 2 1.46744
1810 -76.1327 2 1 37.8951
1971 -78.3656 2 4 67.6575
2454 -79.0559 1 2 1.68045
711 -77.4336 1 2 29.4815
1649 -76.1943 2 2 1.46133
1810 -76.1327 2 1 37.7796
1971 -78.3656 2 4 67.3839
2454 -79.0559 1 2 1.67264
711 -77.4336 1 2 29.7059
1649 -76.1943 2 2 1.45902
1810 -76.1327 2 1 37.803
1971 -78.3656 2 4 67.5677
2454 -79.0559 1 2 1.6858
711 -77.4336 1 2 29.5985
1649 -76.1943 2 2 1.45096
1810 -76.1327 2 1 37.7405
1971 -78.3656 2 4 67.3668
2454 -79.0559 1 2 1.67802
711 -77.4336 1 2 29.5846
1649 -76.1943 2 2 1.44757
1810 -76.1327 2 1 37.79
1971 -78.3656 2 4 67.2777
2454 -79.0559 1 2 1.69257
711 -77.4336 1 2 29.4571
1649 -76.1943 2 2 1.43993
1810 -76.1327 2 1 37.6942
1971 -78.3656 2 4 66.914
2454 -79.0559 1 2 1.68745
711 -77.4336 1 2 29.6325
1649 -76.1943 2 2 1.44419
1810 -76.1327 2 1 37.5519
1971 -78.3656 2 4 67.3396
2454 -79.0559 1 2 1.69927
711 -77.4336 1 2 29.6821
1649 -76.1943 2 2 1.43953
1810 -76.1327 2 1 37.3916
1971 -78.3656 2 4 67.8357
2454 -79.0559 1 2 1.69019
711 -77.4336 1 2 29.5755
1649 -76.1943 2 2 1.4703
1810 -76.1327 2 1 37.3709
1971 -78.3656 2 4 67.9083
2454 -79.0559 1 2 1.71175
711 -77.4336 1 2 29.4148
1649 -76.1943 2 2 1.46511
1810 -76.1327 2 1 37.2663
1971 -78.3656 2 4 67.7266
2454 -79.0559 1 2 1.70593
711 -77.4336 1 2 29.3038
1649 -76.1943 2 2 1.46005
1810 -76.1327 2 1 37.3785
1971 -78.3656 2 4 68.1231
2454 -79.0559 1 2 1.7376
711 -77.4336 1 2 29.2221
1649 -76.1943 2 2 1.45653
1810 -76.1327 2 1 37.2495
1971 -78.3656 2 4 67.8509
2454 -79.0559 1 2 1.73022
711 -77.4336 1 2 29.1804
1649 -76.1943 2 2 1.45859
1810 -76.1327 2 1 37.2168
1971 -78.3656 2 4 68.0032
2454 -79.0559 1 2 1.76983
711 -77.4336 1 2 29.0427
1649 -76.1943 2 2 1.45567
1810 -76.1327 2 1 37.0756
1971 -78.3656 2 4 67.7297
2454 -79.0559 1 2 1.76366
711 -77.4336 1 2 28.991
1649 -76.1943 2 2 1.45671
1810 -76.1327 2 1 37.1099
1971 -78.3656 2 4 67.8334
2454 -79.0559 1 2 1.75937
711 -77.4336 1 2 28.8924
1649 -76.1943 2 2 1.45067
1810 -76.1327 2 1 36.9375
1971 -78.3656 2 4 67.5837
2454 -79.0559 1 2 1.75088
711 -77.4336 1 2 28.8773
1649 -76.1943 2 2 1.44701
1810 -76.1327 2 1 37.1766
1971 -78.3656 2 4 67.4758
2454 -79.0559 1 2 1.75492
711 -77.4336 1 2 28.78
1649 -76.1943 2 2 1.44052
1810 -76.1327 2 1 37.1011
1971 -78.3656 2 4 67.2969
2454 -79.0559 1 2 1.75033
711 -77.4336 1 2 28.8963
1649 -76.1943 2 2 1.44584
1810 -76.1327 2 1 37.0011
1971 -78.3656 2 4 67.5716
2454 -79.0559 1 2 1.77758
711 -77.4336 1 2 28.7738
1649 -76.1943 2 2 1.44041
1810 -76.1327 2 1 36.7956
1971 -78.3656 2 4 67.3472
2454 -79.0559 1 2 1.77044
711 -77.4336 1 2 28.6883
1649 -76.1943 2 2 1.44524
1810 -76.1327 2 1 36.9202
1971 -78.3656 2 4 67.2007
2454 -79.0559 1 2 1.78112
711 -77.4336 1 2 28.5883
1649 -76.1943 2 2 1.44149
1810 -76.1327 2 1 36.7904
1971 -78.3656 2 4 66.9535
2454 -79.0559 1 2 1.77726
711 -77.4336 1 2 29.0836
1649 -76.1943 2 2 1.44146
1810 -76.1327 2 1 36.8825
1971 -78.3656 2 4 67.1397
2454 -79.0559 1 2 1.76946
711 -77.4336 1 2 29.1533
1649 -76.1943 2 2 1.43644
1810 -76.1327 2 1 36.84
1971 -78.3656 2 4 67.1853
2454 -79.0559 1 2 1.76256
711 -77.4336 1 2 29.1333
1649 -76.1943 2 2 1.44977
1810 -76.1327 2 1 36.8138
1971 -78.3656 2 4 66.9904
2454 -79.0559 1 2 1.75864
711 -77.4336 1 2 29.0238
1649 -76.1943 2 2 1.44493
1810 -76.1327 2 1 36.6418
1971 -78.3656 2 4 66.7591
2454 -79.0559 1 2 1.75267
711 -77.4336 1 2 29.0009
1649 -76.1943 2 2 1.46487
1810 -76.1327 2 1 37.0046
1971 -78.3656 2 4 67.0418
2454 -79.0559 1 2 1.76234
711 -77.4336 1 2 29.4881
1649 -76.1943 2 2 1.46082
1810 -76.1327 2 1 36.9027
1971 -78.3656 2 4 66.7705
2454 -79.0559 1 2 1.75734
711 -77.4336 1 2 29.7351
1649 -76.1943 2 2 1.4552
1810 -76.1327 2 1 36.9382
1971 -78.3656 2 4 66.9454
2454 -79.0559 1 2 1.75071
711 -77.4336 1 2 29.6399
1649 -76.1943 2 2 1.45074
1810 -76.1327 2 1 36.8477
1971 -78.3656 2 4 66.8182
2454 -79.0559 1 2 1.74633
711 -77.4336 1 2 29.888
1649 -76.1943 2 2 1.44546
1810 -76.1327 2 1 36.8216
1971 -78.3656 2 4 66.5441
2454 -79.0559 1 2 1.73822
711 -77.4336 1 2 29.7592
1649 -76.1943 2 2 1.44339
1810 -76.1327 2 1 36.7685
1971 -78.3656 2 4 66.3736
2454 -79.0559 1 2 1.73273
711 -77.4336 1 2 30.1235
1649 -76.1943 2 2 1.43515
1810 -76.1327 2 1 36.7812
1971 -78.3656 2 4 66.3413
2454 -79.0559 1 2 1.7356
711 -77.4336 1 2 30.0419
1649 -76.1943 2 2 1.4302
1810 -76.1327 2 1 37.2359
1971 -78.3656 2 4 66.1519
2454 -79.0559 1 2 1.73021
711 -77.4336 1 2 30.0318
1649 -76.1943 2 2 1.43559
1810 -76.1327 2 1 37.1069
1971 -78.3656 2 4 66.2091
2454 -79.0559 1 2 1.72586
711 -77.4336 1 2 29.9188
1649 -76.1943 2 2 1.42934
1810 -76.1327 2 1 37.018
1971 -78.3656 2 4 65.9447
2454 -79.0559 1 2 1.71764
711 -77.4336 1 2 29.8618
1649 -76.1943 2 2 1.42518
1810 -76.1327 2 1 36.9645
1971 -78.3656 2 4 66.6788
2454 -79.0559 1 2 1.71942
711 -77.4336 1 2 29.8199
1649 -76.1943 2 2 1.4214
1810 -76.1327 2 1 36.8634
1971 -78.3656 2 4 66.4207
2454 -79.0559 1 2 1.71325
711 -77.4336 1 2 30.5565
1649 -76.1943 2 2 1.41591
1810 -76.1327 2 1 36.771
1971 -78.3656 2 4 66.6949
2454 -79.0559 1 2 1.73536
711 -77.4336 1 2 30.4524
1649 -76.1943 2 2 1.41004
1810 -76.1327 2 1 36.651
1971 -78.3656 2 4 66.4909
2454 -79.0559 1 2 1.72702
711 -77.4336 1 2 30.4363
1649 -76.1943 2 2 1.42464
1810 -76.1327 2 1 36.5503
1971 -78.3656 2 4 66.8008
2454 -79.0559 1 2 1.72264
711 -77.4336 1 2 30.3065
1649 -76.1943 2 2 1.4174
1810 -76.1327 2 1 36.4558
1971 -78.3656 2 4 66.6392
2454 -79.0559 1 2 1.71773
711 -77.4336 1 2 30.5293
1649 -76.1943 2 2 1.42303
1810 -76.1327 2 1 36.4682
1971 -78.3656 2 4 66.8231
2454 -79.0559 1 2 1.70967
711 -77.4336 1 2 30.4268
1649 -76.1943 2 2 1.41841
1810 -76.1327 2 1 36.6585
1971 -78.3656 2 4 66.5935
2454 -79.0559 1 2 1.70459
711 -77.4336 1 2 30.5147
1649 -76.1943 2 2 1.42807
1810 -76.1327 2 1 36.5113
1971 -78.3656 2 4 66.9923
2454 -79.0559 1 2 1.70812
711 -77.4336 1 2 30.3587
1649 -76.1943 2 2 1.42361
1810 -76.1327 2 1 36.4106
1971 -78.3656 2 4 66.8232
2454 -79.0559 1 2 1.7018
711 -77.4336 1 2 30.3829
1649 -76.1943 2 2 1.41919
1810 -76.1327 2 1 36.5231
1971 -78.3656 2 4 67.0857
2454 -79.0559 1 2 1.70558
711 -77.4336 1 2 30.2694
1649 -76.1943 2 2 1.41633
1810 -76.1327 2 1 36.4129
1971 -78.3656 2 4 66.8648
2454 -79.0559 1 2 1.69934
711 -77.4336 1 2 30.3288
1649 -76.1943 2 2 1.41845
1810 -76.1327 2 1 36.6945
1971 -78.3656 2 4 66.8889
2454 -79.0559 1 2 1.71149
711 -77.4336 1 2 30.2603
1649 -76.1943 2 2 1.41311
1810 -76.1327 2 1 36.5869
1971 -78.3656 2 4 66.6828
2454 -79.0559 1 2 1.70329
711 -77.4336 1 2 30.2316
1649 -76.1943 2 2 1.41748
1810 -76.1327 2 1 36.5625
1971 -78.3656 2 4 66.9718
2454 -79.0559 1 2 1.70041
711 -77.4336 1 2 30.1077
1649 -76.1943 2 2 1.41411
1810 -76.1327 2 1 36.4074
1971 -78.3656 2 4 66.7418
2454 -79.0559 1 2 1.69507
711 -77.4336 1 2 30.2434
1649 -76.1943 2 2 1.44807
1810 -76.1327 2 1 36.5053
1971 -78.3656 2 4 66.9069
2454 -79.0559 1 2 1.71111
711 -77.4336 1 2 30.1409
1649 -76.1943 2 2 1.44378
1810 -76.1327 2 1 36.4071
1971 -78.3656 2 4 66.6385
2454 -79.0559 1 2 1.70886
711 -77.4336 1 2 30.2688
1649 -76.1943 2 2 1.48018
1810 -76.1327 2 1 36.3514
1971 -78.3656 2 4 67.1068
2454 -79.0559 1 2 1.71736
711 -77.4336 1 2 30.1882
1649 -76.1943 2 2 1.47505
1810 -76.1327 2 1 36.2194
1971 -78.3656 2 4 66.8232
2454 -79.0559 1 2 1.71232
711 -77.4336 1 2 30.0844
1649 -76.1943 2 2 1.47725
1810 -76.1327 2 1 36.184
1971 -78.3656 2 4 67.5656
2454 -79.0559 1 2 1.72236
711 -77.4336 1 2 30.0091
1649 -76.1943 2 2 1.4729
1810 -76.1327 2 1 36.33
1971 -78.3656 2 4 67.3215
2454 -79.0559 1 2 1.71675
711 -77.4336 1 2 29.9471
1649 -76.1943 2 2 1.47518
1810 -76.1327 2 1 36.5862
1971 -78.3656 2 4 67.4014
2454 -79.0559 1 2 1.71065
711 -77.4336 1 2 29.8641
1649 -76.1943 2 2 1.47072
1810 -76.1327 2 1 36.7886
1971 -78.3656 2 4 67.29
2454 -79.0559 1 2 1.70845
711 -77.4336 1 2 29.9246
1649 -76.1943 2 2 1.47502
1810 -76.1327 2 1 36.8154
1971 -78.3656 2 4 68.0176
2454 -79.0559 1 2 1.70865
711 -77.4336 1 2 29.7934
1649 -76.1943 2 2 1.46894
1810 -76.1327 2 1 36.7757
1971 -78.3656 2 4 67.7993
2454 -79.0559 1 2 1.70347
711 -77.4336 1 2 29.7274
1649 -76.1943 2 2 1.46707
1810 -76.1327 2 1 36.8372
1971 -78.3656 2 4 68.5758
2454 -79.0559 1 2 1.7068
711 -77.4336 1 2 29.6342
1649 -76.1943 2 2 1.46204
1810 -76.1327 2 1 36.7094
1971 -78.3656 2 4 68.4324
2454 -79.0559 1 2 1.70187
711 -77.4336 1 2 29.6805
1649 -76.1943 2 2 1.48683
1810 -76.1327 2 1 36.717
1971 -78.3656 2 4 68.4433
2454 -79.0559 1 2 1.70326
711 -77.4336 1 2 29.5846
1649 -76.1943 2 2 1.48389
1810 -76.1327 2 1 36.6408
1971 -78.3656 2 4 68.269
2454 -79.0559 1 2 1.69653
711 -77.4336 1 2 29.7256
1649 -76.1943 2 2 1.47883
1810 -76.1327 2 1 36.6326
1971 -78.3656 2 4 68.397
2454 -79.0559 1 2 1.71652
711 -77.4336 1 2 29.6573
1649 -76.1943 2 2 1.47327
1810 -76.1327 2 1 36.4881
1971 -78.3656 2 4 68.1544
2454 -79.0559 1 2 1.71146
711 -77.4336 1 2 29.5763
1649 -76.1943 2 2 1.52431
1810 -76.1327 2 1 36.5546
1971 -78.3656 2 4 68.0935
2454 -79.0559 1 2 1.70578
711 -77.4336 1 2 29.5203
1649 -76.1943 2 2 1.51667
1810 -76.1327 2 1 36.4827
1971 -78.3656 2 4 67.868
2454 -79.0559 1 2 1.69914
711 -77.4336 1 2 29.5741
1649 -76.1943 2 2 1.51263
1810 -76.1327 2 1 36.4056
1971 -78.3656 2 4 68.0536
2454 -79.0559 1 2 1.71094
711 -77.4336 1 2 29.4636
1649 -76.1943 2 2 1.50934
1810 -76.1327 2 1 36.2989
1971 -78.3656 2 4 67.9131
2454 -79.0559 1 2 1.70623
711 -77.4336 1 2 29.5451
1649 -76.1943 2 2 1.5113
1810 -76.1327 2 1 36.1999
1971 -78.3656 2 4 68.499
2454 -79.0559 1 2 1.72095
711 -77.4336 1 2 29.4353
1649 -76.1943 2 2 1.50789
1810 -76.1327 2 1 36.1143
1971 -78.3656 2 4 68.3553
2454 -79.0559 1 2 1.71653
711 -77.4336 1 2 29.7684
1649 -76.1943 2 2 1.50346
1810 -76.1327 2 1 36.1261
1971 -78.3656 2 4 68.1978
2454 -79.0559 1 2 1.72747
711 -77.4336 1 2 29.6474
1649 -76.1943 2 2 1.49805
1810 -76.1327 2 1 36.0287
1971 -78.3656 2 4 67.9696
2454 -79.0559 1 2 1.72077
711 -77.4336 1 2 29.9936
1649 -76.1943 2 2 1.49392
1810 -76.1327 2 1 35.9456
1971 -78.3656 2 4 67.8545
2454 -79.0559 1 2 1.72364
711 -77.4336 1 2 29.8838
1649 -76.1943 2 2 1.48895
1810 -76.1327 2 1 35.837
1971 -78.3656 2 4 67.6871
2454 -79.0559 1 2 1.72014
711 -77.4336 1 2 29.9519
1649 -76.1943 2 2 1.49902
1810 -76.1327 2 1 35.8535
1971 -78.3656 2 4 67.7353
2454 -79.0559 1 2 1.72117
711 -77.4336 1 2 29.8473
1649 -76.1943 2 2 1.49571
1810 -76.1327 2 1 35.7455
1971 -78.3656 2 4 67.6383
2454 -79.0559 1 2 1.71567
711 -77.4336 1 2 30.0044
1649 -76.1943 2 2 1.4928
1810 -76.1327 2 1 35.7791
1971 -78.3656 2 4 67.6165
2454 -79.0559 1 2 1.71085
711 -77.4336 1 2 29.9377
1649 -76.1943 2 2 1.48545
1810 -76.1327 2 1 35.6397
1971 -78.3656 2 4 67.4823
2454 -79.0559 1 2 1.70866
711 -77.4336 1 2 30.137
1649 -76.1943 2 2 1.49596
1810 -76.1327 2 1 35.5521
1971 -78.3656 2 4 67.7007
2454 -79.0559 1 2 1.70159
711 -77.4336 1 2 30.0552
1649 -76.1943 2 2 1.49272
1810 -76.1327 2 1 35.5182
1971 -78.3656 2 4 67.4974
2454 -79.0559 1 2 1.69575
711 -77.4336 1 2 30.1845
1649 -76.1943 2 2 1.51635
1810 -76.1327 2 1 35.5265
1971 -78.3656 2 4 67.3858
2454 -79.0559 1 2 1.692
711 -77.4336 1 2 30.0943
1649 -76.1943 2 2 1.51257
1810 -76.1327 2 1 35.4026
1971 -78.3656 2 4 67.1913
2454 -79.0559 1 2 1.68658
711 -77.4336 1 2 30.1988
1649 -76.1943 2 2 1.51482
1810 -76.1327 2 1 35.3025
1971 -78.3656 2 4 67.6063
2454 -79.0559 1 2 1.68078
711 -77.4336 1 2 30.0921
1649 -76.1943 2 2 1.51228
1810 -76.1327 2 1 35.2468
1971 -78.3656 2 4 67.6455
2454 -79.0559 1 2 1.67785
711 -77.4336 1 2 30.2376
1649 -76.1943 2 2 1.5208
1810 -76.1327 2 1 35.2628
1971 -78.3656 2 4 67.9188
2454 -79.0559 1 2 1.67805
711 -77.4336 1 2 30.1477
1649 -76.1943 2 2 1.51649
1810 -76.1327 2 1 35.194
1971 -78.3656 2 4 67.819
2454 -79.0559 1 2 1.67385
711 -77.4336 1 2 30.1791
1649 -76.1943 2 2 1.51143
1810 -76.1327 2 1 35.2932
1971 -78.3656 2 4 67.7432
2454 -79.0559 1 2 1.68493
711 -77.4336 1 2 30.0674
1649 -76.1943 2 2 1.50789
1810 -76.1327 2 1 35.167
1971 -78.3656 2 4 67.6145
2454 -79.0559 1 2 1.67927
711 -77.4336 1 2 30.0347
1649 -76.1943 2 2 1.51037
1810 -76.1327 2 1 35.1755
1971 -78.3656 2 4 67.4533
2454 -79.0559 1 2 1.70877
711 -77.4336 1 2 29.9901
1649 -76.1943 2 2 1.50592
1810 -76.1327 2 1 35.0497
1971 -78.3656 2 4 67.3242
2454 -79.0559 1 2 1.70591
711 -77.4336 1 2 29.981
1649 -76.1943 2 2 1.50987
1810 -76.1327 2 1 35.1811
1971 -78.3656 2 4 67.3847
2454 -79.0559 1 2 1.71468
711 -77.4336 1 2 30.021
1649 -76.1943 2 2 1.50503
1810 -76.1327 2 1 35.1024
1971 -78.3656 2 4 67.2313
2454 -79.0559 1 2 1.71084
711 -77.4336 1 2 30.2475
1649 -76.1943 2 2 1.50064
1810 -76.1327 2 1 35.0398
1971 -78.3656 2 4 67.1147
2454 -79.0559 1 2 1.71107
711 -77.4336 1 2 30.1817
1649 -76.1943 2 2 1.49766
1810 -76.1327 2 1 34.9374
1971 -78.3656 2 4 67.0125
2454 -79.0559 1 2 1.7061
711 -77.4336 1 2 30.1262
1649 -76.1943 2 2 1.49404
1810 -76.1327 2 1 35.4301
1971 -78.3656 2 4 66.998
2454 -79.0559 1 2 1.71066
711 -77.4336 1 2 30.0614
1649 -76.1943 2 2 1.48764
1810 -76.1327 2 1 35.356
1971 -78.3656 2 4 66.9253
2454 -79.0559 1 2 1.70319
711 -77.4336 1 2 30.2599
1649 -76.1943 2 2 1.49744
1810 -76.1327 2 1 35.3227
1971 -78.3656 2 4 66.7492
2454 -79.0559 1 2 1.71964
711 -77.4336 1 2 30.1538
1649 -76.1943 2 2 1.49479
1810 -76.1327 2 1 35.2329
1971 -78.3656 2 4 66.4862
2454 -79.0559 1 2 1.71584
711 -77.4336 1 2 30.488
1649 -76.1943 2 2 1.49113
1810 -76.1327 2 1 35.1736
1971 -78.3656 2 4 66.5161
2454 -79.0559 1 2 1.71735
711 -77.4336 1 2 30.4173
1649 -76.1943 2 2 1.48565
1810 -76.1327 2 1 35.1052
1971 -78.3656 2 4 66.385
2454 -79.0559 1 2 1.71494
711 -77.4336 1 2 30.678
1649 -76.1943 2 2 1.48389
1810 -76.1327 2 1 35.042
1971 -78.3656 2 4 66.4127
2454 -79.0559 1 2 1.74249
711 -77.4336 1 2 30.6292
1649 -76.1943 2 2 1.47702
1810 -76.1327 2 1 34.984
1971 -78.3656 2 4 66.2389
2454 -79.0559 1 2 1.7367
711 -77.4336 1 2 30.7994
1649 -76.1943 2 2 1.50155
1810 -76.1327 2 1 34.9452
1971 -78.3656 2 4 66.4205
2454 -79.0559 1 2 1.74588
711 -77.4336 1 2 30.7459
1649 -76.1943 2 2 1.49668
1810 -76.1327 2 1 34.8485
1971 -78.3656 2 4 66.2539
2454 -79.0559 1 2 1.74194
711 -77.4336 1 2 30.6745
1649 -76.1943 2 2 1.50624
1810 -76.1327 2 1 34.8375
1971 -78.3656 2 4 66.6014
2454 -79.0559 1 2 1.73647
711 -77.4336 1 2 30.585
1649 -76.1943 2 2 1.50256
1810 -76.1327 2 1 34.7639
1971 -78.3656 2 4 66.4914
2454 -79.0559 1 2 1.73296
711 -77.4336 1 2 30.5212
1649 -76.1943 2 2 1.50026
1810 -76.1327 2 1 34.7072
1971 -78.3656 2 4 66.9928
2454 -79.0559 1 2 1.73663
711 -77.4336 1 2 30.4569
1649 -76.1943 2 2 1.4943
1810 -76.1327 2 1 34.5691
1971 -78.3656 2 4 66.8915
2454 -79.0559 1 2 1.73011
711 -77.4336 1 2 30.5207
1649 -76.1943 2 2 1.49091
1810 -76.1327 2 1 34.5355
1971 -78.3656 2 4 66.8345
2454 -79.0559 1 2 1.72726
711 -77.4336 1 2 30.4744
1649 -76.1943 2 2 1.48773
1810 -76.1327 2 1 34.4702
1971 -78.3656 2 4 66.6646
2454 -79.0559 1 2 1.7206
711 -77.4336 1 2 30.6025
1649 -76.1943 2 2 1.48847
1810 -76.1327 2 1 34.3762
1971 -78.3656 2 4 67.2107
2454 -79.0559 1 2 1.73004
711 -77.4336 1 2 30.525
1649 -76.1943 2 2 1.48538
1810 -76.1327 2 1 34.3118
1971 -78.3656 2 4 67.105
2454 -79.0559 1 2 1.72378
711 -77.4336 1 2 30.621
1649 -76.1943 2 2 1.49465
1810 -76.1327 2 1 34.2211
1971 -78.3656 2 4 67.0846
2454 -79.0559 1 2 1.72044
711 -77.4336 1 2 30.529
1649 -76.1943 2 2 1.48986
1810 -76.1327 2 1 34.1282
1971 -78.3656 2 4 66.8861
2454 -79.0559 1 2 1.71806
711 -77.4336 1 2 30.5486
1649 -76.1943 2 2 1.48589
1810 -76.1327 2 1 34.4384
1971 -78.3656 2 4 67.198
2454 -79.0559 1 2 1.72382
711 -77.4336 1 2 30.565
1649 -76.1943 2 2 1.48202
1810 -76.1327 2 1 34.3749
1971 -78.3656 2 4 67.0521
2454 -79.0559 1 2 1.71965
711 -77.4336 1 2 30.542
1649 -76.1943 2 2 1.48501
1810 -76.1327 2 1 34.2804
1971 -78.3656 2 4 67.1855
2454 -79.0559 1 2 1.71612
711 -77.4336 1 2 30.5028
1649 -76.1943 2 2 1.48075
1810 -76.1327 2 1 34.2347
1971 -78.3656 2 4 66.9898
2454 -79.0559 1 2 1.71074
711 -77.4336 1 2 30.4096
1649 -76.1943 2 2 1.48472
1810 -76.1327 2 1 34.165
1971 -78.3656 2 4 67.4931
2454 -79.0559 1 2 1.71423
711 -77.4336 1 2 30.332
1649 -76.1943 2 2 1.47985
1810 -76.1327 2 1 34.1002
1971 -78.3656 2 4 67.2678
2454 -79.0559 1 2 1.70779
711 -77.4336 1 2 30.2615
1649 -76.1943 2 2 1.47661
1810 -76.1327 2 1 34.2592
1971 -78.3656 2 4 67.5187
2454 -79.0559 1 2 1.71055
711 -77.4336 1 2 30.1542
1649 -76.1943 2 2 1.47203
1810 -76.1327 2 1 34.1777
1971 -78.3656 2 4 67.3741
2454 -79.0559 1 2 1.70723
711 -77.4336 1 2 30.2505
1649 -76.1943 2 2 1.46948
1810 -76.1327 2 1 34.1398
1971 -78.3656 2 4 67.9009
2454 -79.0559 1 2 1.70978
711 -77.4336 1 2 30.1676
1649 -76.1943 2 2 1.46477
1810 -76.1327 2 1 34.1797
1971 -78.3656 2 4 67.7282
2454 -79.0559 1 2 1.70357
711 -77.4336 1 2 30.1474
1649 -76.1943 2 2 1.46158
1810 -76.1327 2 1 34.1133
1971 -78.3656 2 4 67.8311
2454 -79.0559 1 2 1.70479
711 -77.4336 1 2 30.0404
1649 -76.1943 2 2 1.45714
1810 -76.1327 2 1 34.0084
1971 -78.3656 2 4 67.7184
2454 -79.0559 1 2 1.70055
711 -77.4336 1 2 30.0806
1649 -76.1943 2 2 1.45318
1810 -76.1327 2 1 34.1177
1971 -78.3656 2 4 68.3405
2454 -79.0559 1 2 1.70259
711 -77.4336 1 2 30.0037
1649 -76.1943 2 2 1.45131
1810 -76.1327 2 1 34.0215
1971 -78.3656 2 4 68.2758
2454 -79.0559 1 2 1.69837
711 -77.4336 1 2 30.2344
1649 -76.1943 2 2 1.45922
1810 -76.1327 2 1 34.0015
1971 -78.3656 2 4 69.1171
2454 -79.0559 1 2 1.69705
711 -77.4336 1 2 30.1317
1649 -76.1943 2 2 1.45541
1810 -76.1327 2 1 33.8993
1971 -78.3656 2 4 69.0937
2454 -79.0559 1 2 1.68991
711 -77.4336 1 2 30.4153
1649 -76.1943 2 2 1.45927
1810 -76.1327 2 1 34.0648
1971 -78.3656 2 4 69.4481
2454 -79.0559 1 2 1.69159
711 -77.4336 1 2 30.3834
1649 -76.1943 2 2 1.45376
1810 -76.1327 2 1 33.9759
1971 -78.3656 2 4 69.3215
2454 -79.0559 1 2 1.68723
711 -77.4336 1 2 30.2715
1649 -76.1943 2 2 1.46355
1810 -76.1327 2 1 33.9482
1971 -78.3656 2 4 69.4692
2454 -79.0559 1 2 1.69092
711 -77.4336 1 2 30.2251
1649 -76.1943 2 2 1.46097
1810 -76.1327 2 1 33.8561
1971 -78.3656 2 4 69.3358
2454 -79.0559 1 2 1.68762
711 -77.4336 1 2 30.2838
1649 -76.1943 2 2 1.46139
1810 -76.1327 2 1 33.8092
1971 -78.3656 2 4 69.383
2454 -79.0559 1 2 1.68805
711 -77.4336 1 2 30.1919
1649 -76.1943 2 2 1.45889
1810 -76.1327 2 1 33.7391
1971 -78.3656 2 4 69.1932
2454 -79.0559 1 2 1.68412
711 -77.4336 1 2 30.3597
1649 -76.1943 2 2 1.46061
1810 -76.1327 2 1 33.6647
1971 -78.3656 2 4 69.1309
2454 -79.0559 1 2 1.6923
711 -77.4336 1 2 30.2799
1649 -76.1943 2 2 1.45882
1810 -76.1327 2 1 33.5937
1971 -78.3656 2 4 68.8596
2454 -79.0559 1 2 1.68702
711 -77.4336 1 2 30.2279
1649 -76.1943 2 2 1.46622
1810 -76.1327 2 1 33.6884
1971 -78.3656 2 4 69.0968
2454 -79.0559 1 2 1.68986
711 -77.4336 1 2 30.1924
1649 -76.1943 2 2 1.46299
1810 -76.1327 2 1 33.6002
1971 -78.3656 2 4 68.9414
2454 -79.0559 1 2 1.68682
711 -77.4336 1 2 30.4741
1649 -76.1943 2 2 1.46529
1810 -76.1327 2 1 33.5801
1971 -78.3656 2 4 69.028
2454 -79.0559 1 2 1.68112
711 -77.4336 1 2 30.4279
1649 -76.1943 2 2 1.4617
1810 -76.1327 2 1 33.5335
1971 -78.3656 2 4 69.1096
2454 -79.0559 1 2 1.67666
711 -77.4336 1 2 30.4041
1649 -76.1943 2 2 1.46528
1810 -76.1327 2 1 33.5493
1971 -78.3656 2 4 69.6618
2454 -79.0559 1 2 1.67436
711 -77.4336 1 2 30.3177
1649 -76.1943 2 2 1.45981
1810 -76.1327 2 1 33.4662
1971 -78.3656 2 4 69.4714
2454 -79.0559 1 2 1.66952
711 -77.4336 1 2 30.4064
1649 -76.1943 2 2 1.475
1810 -76.1327 2 1 33.4193
1971 -78.3656 2 4 69.4911
2454 -79.0559 1 2 1.67716
711 -77.4336 1 2 30.3059
1649 -76.1943 2 2 1.47212
1810 -76.1327 2 1 33.3352
1971 -78.3656 2 4 69.3201
2454 -79.0559 1 2 1.67317
711 -77.4336 1 2 30.482
1649 -76.1943 2 2 1.49885
1810 -76.1327 2 1 33.2838
1971 -78.3656 2 4 69.6845
2454 -79.0559 1 2 1.66927
711 -77.4336 1 2 30.3973
1649 -76.1943 2 2 1.495
1810 -76.1327 2 1 33.1683
1971 -78.3656 2 4 69.5299
2454 -79.0559 1 2 1.66437
711 -77.4336 0 2 30.3422
1649 -76.1943 2 2 1.50308
1810 -76.1327 1 1 33.363
1971 -78.3656 2 4 69.6626
2454 -79.0559 1 2 1.66692
711 -77.4336 1 2 30.2839
1649 -76.1943 2 2 1.49926
1810 -76.1327 2 1 33.274
1971 -78.3656 2 4 70.218
2454 -79.0559 1 2 1.66357
711 -77.4336 1 2 30.2413
1649 -76.1943 2 2 1.49693
1810 -76.1327 2 1 33.242
1971 -78.3656 2 4 70.5187
2454 -79.0559 1 2 1.6667
711 -77.4336 1 2 30.2004
1649 -76.1943 2 2 1.49396
1810 -76.1327 2 1 33.7435
1971 -78.3656 2 4 70.4073
2454 -79.0559 1 2 1.66072
711 -77.4336 1 2 30.3012
1649 -76.1943 2 2 1.50025
1810 -76.1327 2 1 33.9525
1971 -78.3656 2 4 70.2428
2454 -79.0559 1 2 1.6629
711 -77.4336 1 2 30.3284
1649 -76.1943 2 2 1.49821
1810 -76.1327 2 1 34.077
1971 -78.3656 2 4 70.2225
2454 -79.0559 1 2 1.6593
711 -77.4336 1 2 30.2909
1649 -76.1943 2 2 1.50654
1810 -76.1327 2 1 34.4829
1971 -78.3656 2 4 70.4921
2454 -79.0559 1 2 1.66046
711 -77.4336 1 2 30.1965
1649 -76.1943 2 2 1.5027
1810 -76.1327 2 1 34.4026
1971 -78.3656 2 4 70.2776
2454 -79.0559 1 2 1.65657
711 -77.4336 1 2 30.4172
1649 -76.1943 2 2 1.49858
1810 -76.1327 2 1 34.3386
1971 -78.3656 2 4 70.3263
2454 -79.0559 1 2 1.65887
711 -77.4336 1 2 30.3677
1649 -76.1943 2 2 1.49631
1810 -76.1327 2 1 34.2796
1971 -78.3656 2 4 70.1685
2454 -79.0559 1 2 1.65552
711 -77.4336 1 2 30.7683
1649 -76.1943 2 2 1.49244
1810 -76.1327 2 1 34.3075
1971 -78.3656 2 4 70.2575
2454 -79.0559 1 2 1.66363
711 -77.4336 1 2 30.6817
1649 -76.1943 2 2 1.48931
1810 -76.1327 2 1 34.2236
1971 -78.3656 2 4 70.0225
2454 -79.0559 1 2 1.66108
711 -77.4336 1 2 30.6691
1649 -76.1943 2 2 1.52543
1810 -76.1327 2 1 34.1894
1971 -78.3656 2 4 70.0867
2454 -79.0559 1 2 1.65562
711 -77.4336 1 2 30.6079
1649 -76.1943 2 2 1.52172
1810 -76.1327 2 1 34.1254
1971 -78.3656 2 4 69.8549
2454 -79.0559 1 2 1.65067
711 -77.4336 1 2 30.7005
1649 -76.1943 2 2 1.5298
1810 -76.1327 2 1 34.1439
1971 -78.3656 2 4 69.9066
2454 -79.0559 1 2 1.64902
711 -77.4336 1 2 30.6224
1649 -76.1943 2 2 1.52635
1810 -76.1327 2 1 34.1514
1971 -78.3656 2 4 69.7267
2454 -79.0559 1 2 1.644
711 -77.4336 1 2 30.7594
1649 -76.1943 2 2 1.54589
1810 -76.1327 2 1 34.1099
1971 -78.3656 2 4 69.7661
2454 -79.0559 1 2 1.63975
711 -77.4336 1 2 30.6849
1649 -76.1943 2 2 1.5431
1810 -76.1327 2 1 34.0472
1971 -78.3656 2 4 69.6131
2454 -79.0559 1 2 1.63534
711 -77.4336 1 2 30.8303
1649 -76.1943 2 2 1.55042
1810 -76.1327 2 1 34.2175
1971 -78.3656 2 4 69.4455
2454 -79.0559 1 2 1.65026
711 -77.4336 1 2 30.7497
1649 -76.1943 2 2 1.54791
1810 -76.1327 2 1 34.1117
1971 -78.3656 2 4 69.3995
2454 -79.0559 1 2 1.64616
711 -77.4336 1 2 30.7044
1649 -76.1943 2 2 1.54419
1810 -76.1327 2 1 34.0896
1971 -78.3656 2 4 69.4473
2454 -79.0559 1 2 1.64272
711 -77.4336 1 2 30.6059
1649 -76.1943 2 2 1.54062
1810 -76.1327 2 1 34.0088
1971 -78.3656 2 4 69.3169
2454 -79.0559 1 2 1.63854
711 -77.4336 1 2 30.5737
1649 -76.1943 2 2 1.54806
1810 -76.1327 2 1 34.7358
1971 -78.3656 2 4 69.3224
2454 -79.0559 1 2 1.64063
711 -77.4336 1 2 30.5285
1649 -76.1943 2 2 1.54512
1810 -76.1327 2 1 34.6598
1971 -78.3656 2 4 69.2063
2454 -79.0559 1 2 1.63692
711 -77.4336 1 2 30.474
1649 -76.1943 2 2 1.5581
1810 -76.1327 2 1 34.6744
1971 -78.3656 2 4 69.3893
2454 -79.0559 1 2 1.6492
711 -77.4336 1 2 30.4196
1649 -76.1943 2 2 1.55551
1810 -76.1327 2 1 34.6313
1971 -78.3656 2 4 69.5366
2454 -79.0559 1 2 1.64814
711 -77.4336 1 2 30.4935
1649 -76.1943 2 2 1.55845
1810 -76.1327 2 1 34.7416
1971 -78.3656 1 4 69.7757
2454 -79.0559 1 2 1.64169
711 -77.4336 1 2 30.5553
1649 -76.1943 2 2 1.55308
1810 -76.1327 2 1 35.2618
1971 -78.3656 2 4 69.663
2454 -79.0559 1 2 1.64074
711 -77.4336 1 2 30.5239
1649 -76.1943 2 2 1.5506
1810 -76.1327 2 1 35.5885
1971 -78.3656 2 4 69.5647
2454 -79.0559 1 2 1.65207
711 -77.4336 1 2 30.4468
1649 -76.1943 2 2 1.54604
1810 -76.1327 2 1 35.4925
1971 -78.3656 2 4 69.3983
2454 -79.0559 1 2 1.64982
711 -77.4336 1 2 30.4325
1649 -76.1943 2 2 1.54903
1810 -76.1327 2 1 35.5187
1971 -78.3656 2 4 69.7078
2454 -79.0559 1 2 1.64622
711 -77.4336 1 2 30.3447
1649 -76.1943 2 2 1.54532
1810 -76.1327 2 1 35.4396
1971 -78.3656 2 4 69.8764
2454 -79.0559 1 2 1.64064
711 -77.4336 1 2 30.2658
1649 -76.1943 2 2 1.54094
1810 -76.1327 2 1 35.6839
1971 -78.3656 2 4 70.1504
2454 -79.0559 1 2 1.64859
711 -77.4336 1 2 30.2157
1649 -76.1943 2 2 1.53757
1810 -76.1327 2 1 35.5894
1971 -78.3656 2 4 69.9922
2454 -79.0559 1 2 1.64621
711 -77.4336 1 2 30.3994
1649 -76.1943 2 2 1.54712
1810 -76.1327 2 1 35.6785
1971 -78.3656 2 4 69.9246
2454 -79.0559 1 2 1.69218
711 -77.4336 1 2 30.6042
1649 -76.1943 2 2 1.54226
1810 -76.1327 2 1 35.7137
1971 -78.3656 2 4 69.7646
2454 -79.0559 1 2 1.68774
711 -77.4336 1 2 30.7029
1649 -76.1943 2 2 1.55506
1810 -76.1327 2 1 35.6325
1971 -78.3656 2 4 69.771
2454 -79.0559 1 2 1.68326
711 -77.4336 1 2 30.9612
1649 -76.1943 2 2 1.5527
1810 -76.1327 2 1 35.5459
1971 -78.3656 2 4 69.6435
2454 -79.0559 1 2 1.68179
711 -77.4336 1 2 30.917
1649 -76.1943 2 2 1.55973
1810 -76.1327 2 1 35.7357
1971 -78.3656 2 4 69.724
2454 -79.0559 1 2 1.68715
711 -77.4336 1 2 30.8344
1649 -76.1943 2 2 1.55775
1810 -76.1327 2 1 35.6645
1971 -78.3656 2 4 69.5304
2454 -79.0559 1 2 1.68319
711 -77.4336 1 2 30.95
1649 -76.1943 2 2 1.55254
1810 -76.1327 2 1 35.5953
1971 -78.3656 2 4 69.6815
2454 -79.0559 1 2 1.67983
711 -77.4336 1 2 30.8876
1649 -76.1943 2 2 1.55014
1810 -76.1327 2 1 35.5138
1971 -78.3656 2 4 69.5626
2454 -79.0559 1 2 1.67604
711 -77.4336 1 2 30.8337
1649 -76.1943 2 2 1.55209
1810 -76.1327 2 1 35.4198
1971 -78.3656 2 4 69.7292
2454 -79.0559 1 2 1.70074
711 -77.4336 1 2 30.7877
1649 -76.1943 2 2 1.54786
1810 -76.1327 2 1 35.3445
1971 -78.3656 2 4 69.6173
2454 -79.0559 1 2 1.69598
711 -77.4336 1 2 30.8924
1649 -76.1943 2 2 1.56081
1810 -76.1327 2 1 35.3658
1971 -78.3656 2 4 70.014
2454 -79.0559 1 2 1.69787
711 -77.4336 1 2 30.8297
1649 -76.1943 2 2 1.55753
1810 -76.1327 2 1 35.2774
1971 -78.3656 2 4 69.9222
2454 -79.0559 1 2 1.69462
711 -77.4336 1 2 31.0163
1649 -76.1943 2 2 1.55486
1810 -76.1327 2 1 35.2673
1971 -78.3656 2 4 69.9839
2454 -79.0559 1 2 1.69081
711 -77.4336 1 2 30.9783
1649 -76.1943 2 2 1.5509
1810 -76.1327 2 1 35.1866
1971 -78.3656 2 4 69.7944
2454 -79.0559 1 2 1.68866
711 -77.4336 1 2 30.9324
1649 -76.1943 2 2 1.55373
1810 -76.1327 2 1 35.1382
1971 -78.3656 2 4 69.8844
2454 -79.0559 1 2 1.68391
711 -77.4336 1 2 30.8697
1649 -76.1943 2 2 1.54963
1810 -76.1327 2 1 35.0619
1971 -78.3656 2 4 69.7097
2454 -79.0559 1 2 1.67981
711 -77.4336 1 2 30.8798
1649 -76.1943 2 2 1.55221
1810 -76.1327 2 1 35.0467
1971 -78.3656 2 4 69.632
2454 -79.0559 1 2 1.67673
711 -77.4336 1 2 30.8072
1649 -76.1943 2 2 1.54884
1810 -76.1327 2 1 34.9389
1971 -78.3656 2 4 69.5053
2454 -79.0559 1 2 1.67233
711 -77.4336 1 2 30.7613
1649 -76.1943 2 2 1.55172
1810 -76.1327 2 1 35.1897
1971 -78.3656 2 4 69.6087
2454 -79.0559 1 2 1.68016
711 -77.4336 1 2 31.4829
1649 -76.1943 2 2 1.54656
1810 -76.1327 2 1 35.1165
1971 -78.3656 2 4 69.4586
2454 -79.0559 1 2 1.67741
711 -77.4336 1 2 31.8883
1649 -76.1943 2 2 1.55967
1810 -76.1327 2 1 35.0957
1971 -78.3656 2 4 69.5129
2454 -79.0559 1 2 1.68268
711 -77.4336 1 2 31.836
1649 -76.1943 2 2 1.55669
1810 -76.1327 2 1 35.0167
1971 -78.3656 2 4 69.4237
2454 -79.0559 1 2 1.68047
711 -77.4336 1 2 31.8173
1649 -76.1943 2 2 1.55905
1810 -76.1327 2 1 35.2163
1971 -78.3656 2 4 69.4982
2454 -79.0559 1 2 1.68076
711 -77.4336 1 2 31.734
1649 -76.1943 2 2 1.55707
1810 -76.1327 2 1 35.1419
1971 -78.3656 2 4 69.455
2454 -79.0559 1 2 1.67728
711 -77.4336 1 2 31.7464
1649 -76.1943 2 2 1.55149
1810 -76.1327 2 1 35.0541
1971 -78.3656 2 4 69.3283
2454 -79.0559 1 2 1.67457
711 -77.4336 1 2 31.6532
1649 -76.1943 2 2 1.54923
1810 -76.1327 2 1 35.0047
1971 -78.3656 2 4 69.2043
2454 -79.0559 1 2 1.67057
711 -77.4336 1 2 31.7408
1649 -76.1943 2 2 1.55054
1810 -76.1327 2 1 34.9713
1971 -78.3656 2 4 69.2759
2454 -79.0559 1 2 1.693
711 -77.4336 1 2 31.6562
1649 -76.1943 2 2 1.54801
1810 -76.1327 2 1 34.9366
1971 -78.3656 2 4 69.2153
2454 -79.0559 1 2 1.68954
711 -77.4336 1 2 31.9735
1649 -76.1943 2 2 1.55005
1810 -76.1327 2 1 34.9106
1971 -78.3656 2 4 69.3231
2454 -79.0559 1 2 1.6925
711 -77.4336 1 2 32.1153
1649 -76.1943 2 2 1.54667
1810 -76.1327 2 1 34.8637
1971 -78.3656 2 4 69.1408
2454 -79.0559 1 2 1.68774
711 -77.4336 1 2 32.1524
1649 -76.1943 2 2 1.5547
1810 -76.1327 2 1 35.1275
1971 -78.3656 2 4 68.977
2454 -79.0559 1 2 1.70701
711 -77.4336 1 2 32.108
1649 -76.1943 2 2 1.55183
1810 -76.1327 2 1 35.0318
1971 -78.3656 2 4 68.8976
2454 -79.0559 1 2 1.70317
711 -77.4336 1 2 32.0993
1649 -76.1943 2 2 1.55185
1810 -76.1327 2 1 35.0478
1971 -78.3656 2 4 69.0305
2454 -79.0559 1 2 1.70421
711 -77.4336 1 2 32.0191
1649 -76.1943 2 2 1.54897
1810 -76.1327 2 1 34.9298
1971 -78.3656 2 4 68.8544
2454 -79.0559 1 2 1.69997
