ID  RSSI  Neighbors  Sources  Throughput
711 0 2 -1 0
781 0 3 -1 0
851 -72.556 2 0 0
1649 -75.7997 3 0 0
1810 -74.0875 4 0 0
1971 -76.5574 3 0 0
2132 -73.3798 2 0 0
2293 -82.0243 3 1 0
2454 -79.1415 2 1 0
711 -78.893 2 1 0
781 -78.2666 3 1 0
851 -72.556 2 0 0
1649 -74.4613 3 1 0
1810 -76.1327 4 1 0
1971 -78.508 3 3 0
2132 -77.1948 2 1 0
2293 -79.413 3 3 0
2454 -79.1415 2 1 0
711 -78.893 2 1 9.70493
781 -78.2666 3 1 0.879553
851 -72.556 2 0 0
1649 -74.4613 3 1 2.67924
1810 -76.1327 4 1 12.7219
1971 -78.508 3 3 0
2132 -77.1948 2 1 2.92584
2293 -79.413 3 3 2.0586
2454 -79.1415 2 1 0.836838
711 -78.893 2 1 6.93814
781 -78.2666 3 1 0.66851
851 -72.556 2 0 0
1649 -74.4613 3 1 1.90586
1810 -76.1327 4 1 9.43532
1971 -78.508 3 3 0
2132 -77.1948 2 1 1.98612
2293 -79.413 3 3 1.41866
2454 -79.1415 2 1 0.694237
711 -78.893 2 1 11.8089
781 -78.2666 2 1 0.51667
1649 -74.4613 3 1 1.68551
1810 -76.1327 3 1 20.681
1971 -78.508 2 3 34.7041
2132 -77.1948 2 1 1.61668
2293 -79.413 3 3 1.04741
2454 -79.1415 1 1 0.538933
711 -78.893 2 1 41.692
781 -78.2666 2 1 0.476779
1649 -74.4613 3 1 1.26426
1810 -76.1327 4 1 24.7198
1971 -78.508 2 3 60.9963
2132 -77.1948 2 1 1.28821
2293 -79.3682 3 3 0.8497
2454 -79.1415 2 1 0.420066
711 -78.893 2 1 56.8031
781 -78.2666 2 1 0.381607
1649 -74.4613 3 1 1.45308
1810 -76.1327 4 1 28.1923
1971 -78.508 2 3 83.7025
2132 -77.1948 2 1 1.51723
2293 -79.3682 3 3 1.10022
2454 -79.1415 2 1 0.389334
711 -78.893 2 1 51.0961
781 -78.2666 2 1 0.327582
1649 -74.4613 3 1 1.34968
1810 -76.1327 4 1 24.0261
1971 -78.508 2 3 77.1078
2132 -77.1948 2 1 1.34
2293 -79.3682 3 3 0.939973
2454 -79.1415 2 1 0.323972
711 -78.893 2 1 46.9545
781 -78.2666 2 1 0.280495
1649 -74.4613 3 1 1.13619
1810 -76.1327 4 1 31.2923
1971 -78.508 2 3 85.7139
2132 -77.1948 2 1 1.11862
2293 -79.3682 3 3 0.877903
2454 -79.1415 2 1 0.286129
711 -78.893 2 1 43.4411
781 -78.2666 2 1 0.257503
1649 -74.4613 3 1 1.02335
1810 -76.1327 4 1 51.7833
1971 -78.508 2 3 80.6628
2132 -77.1948 2 1 1.0491
2293 -79.3682 3 3 0.768633
2454 -79.1415 2 1 0.258139
711 -77.4336 1 2 40.8697
1649 -74.4613 3 1 1.41256
1810 -76.1327 3 1 51.863
1971 -78.508 2 3 82.7985
2132 -77.1948 2 1 1.70947
2293 -79.3682 3 3 0.691126
2454 -79.1415 2 1 0.23914
711 -77.4336 1 2 37.4895
1649 -74.4613 3 1 1.32604
1810 -76.1327 3 1 46.5455
1971 -78.508 2 3 76.7562
2132 -77.1948 2 1 1.49789
2293 -79.3682 3 3 0.638088
2454 -79.1415 2 1 0.21616
711 -77.4336 0 2 38.6974
1649 -74.4613 3 1 2.70917
1810 -76.1327 1 1 51.7113
1971 -78.508 2 3 76.1586
2132 -77.1948 0 1 1.3735
2293 -79.3682 3 3 0.600604
2454 -79.1415 1 1 0.196741
711 -77.4336 1 2 57.1698
1649 -74.4613 3 1 2.52197
1810 -76.1327 3 1 47.7453
1971 -78.508 2 3 74.1005
2132 -77.1948 2 1 1.26104
2293 -79.3682 3 3 0.55025
2454 -79.1415 2 1 0.179705
711 -77.4336 1 2 55.9817
1649 -74.4613 3 1 2.53112
1810 -76.1327 3 1 47.4986
1971 -78.508 2 3 81.0067
2132 -77.1948 2 1 1.51487
2293 -79.3682 3 3 0.502754
2454 -79.1415 2 1 0.170448
711 -77.4336 1 2 58.766
1649 -74.4613 3 1 2.36261
1810 -76.1327 3 1 51.3222
1971 -78.508 2 3 77.2882
2132 -77.1948 2 1 1.40821
2293 -79.3682 3 3 0.483388
2454 -79.1415 2 1 0.156616
711 -77.4336 0 2 66.4182
1649 -74.4613 3 1 2.23887
1810 -76.4505 2 2 48.82
1971 -78.508 1 3 82.6219
2132 -77.1948 1 1 1.51096
2293 -79.3682 2 3 0.44308
711 -77.4336 1 2 70.5439
1649 -74.4613 3 1 2.11533
1810 -76.4505 3 2 47.2629
1971 -78.508 1 3 80.2706
2132 -77.1948 2 1 1.39729
2293 -79.3682 2 3 0.429449
711 -77.4336 0 2 71.2434
1649 -74.4613 3 1 2.26638
1810 -76.4505 2 2 45.4039
1971 -78.508 1 3 84.2703
2132 -77.1948 1 1 1.3244
2293 -79.3682 2 3 0.396504
711 -77.4336 1 2 79.5348
1649 -74.4613 3 1 2.14488
1810 -76.4505 3 2 43.5501
1971 -78.508 1 3 80.2049
2132 -77.1948 2 1 1.27802
2293 -79.3682 2 3 0.378088
711 -77.4336 1 2 76.9444
1649 -74.4613 3 1 2.28788
1810 -76.4505 3 2 42.9169
1971 -78.508 1 3 89.1688
2132 -77.1948 2 1 1.19523
2293 -79.3682 2 3 0.360573
711 -77.4336 1 2 73.0409
1649 -74.4613 3 1 2.17995
1810 -76.4505 3 2 41.4189
1971 -78.508 1 3 87.2124
2132 -77.1948 2 1 1.14078
2293 -79.3682 2 3 0.351119
711 -77.4336 1 2 70.2809
1649 -76.1943 3 2 2.93845
1810 -77.9792 2 3 43.8485
1971 -78.508 1 3 86.6638
2132 -77.1948 1 1 1.21983
711 -77.4336 1 2 68.5778
1649 -76.1943 3 2 2.83251
1810 -77.9792 2 3 42.4509
1971 -78.508 1 3 83.3462
2132 -77.1948 1 1 1.15088
711 -77.4336 1 2 72.5977
1649 -76.1943 3 2 2.72499
1810 -77.9792 2 3 42.1062
1971 -78.508 1 3 82.6468
2132 -77.1948 1 1 1.11843
711 -77.4336 1 2 70.066
1649 -76.1943 3 2 2.66983
1810 -77.9792 2 3 40.2141
1971 -78.508 1 3 79.5337
2132 -77.1948 1 1 1.06278
711 -77.4336 1 2 68.3332
1649 -76.1943 3 2 2.53612
1810 -77.9792 2 3 41.313
1971 -78.508 1 3 78.2278
2132 -77.1948 1 1 1.4043
711 -77.4336 1 2 65.767
1649 -76.1943 3 2 2.42987
1810 -77.9792 2 3 39.5933
1971 -78.508 1 3 76.1688
2132 -77.1948 1 1 1.35924
711 -77.4336 1 2 64.0065
1649 -76.1943 3 2 2.52076
1810 -77.9792 2 3 43.123
1971 -78.508 1 3 76.2586
2132 -77.1948 1 1 1.47956
711 -77.4336 1 2 62.6812
1649 -76.1943 3 2 2.42185
1810 -77.9792 2 3 48.4756
1971 -78.508 1 3 73.4048
2132 -77.1948 1 1 1.44518
711 -77.4336 1 2 61.9232
1649 -76.1943 3 2 2.36191
1810 -77.9792 2 3 50.5225
1971 -78.508 1 3 74.2101
2132 -77.1948 1 1 1.37489
711 -77.4336 1 2 60.546
1649 -76.1943 3 2 2.27978
1810 -77.9792 2 3 52.4459
1971 -78.508 1 3 82.8779
2132 -77.1948 1 1 1.3456
711 -77.4336 1 2 60.3617
1649 -76.1943 3 2 2.2135
1810 -77.9792 2 3 52.5753
1971 -78.508 1 3 82.1154
2132 -77.1948 1 1 1.45692
711 -77.4336 1 2 59.0756
1649 -76.1943 3 2 2.16012
1810 -77.9792 2 3 51.083
1971 -78.508 1 3 79.9888
2132 -77.1948 1 1 1.39843
711 -77.4336 1 2 58.7436
1649 -76.1943 3 2 2.16902
1810 -77.9792 2 3 51.0881
1971 -78.508 1 3 80.8995
2132 -77.1948 1 1 1.50295
711 -77.4336 1 2 57.4904
1649 -76.1943 3 2 2.10866
1810 -77.9792 2 3 50.305
1971 -78.508 1 3 80.9116
2132 -77.1948 1 1 1.4693
711 -77.4336 1 2 56.1409
1649 -76.1943 2 2 2.11516
1810 -77.9792 2 3 50.9442
1971 -78.508 0 3 83.9613
2132 -77.1948 1 1 1.42528
711 -77.4336 1 2 56.2254
1649 -76.1943 3 2 2.06784
1810 -77.9792 2 3 49.5716
1971 -78.508 1 3 85.5734
2132 -77.1948 1 1 1.38756
711 -77.4336 1 2 55.2338
1649 -76.1943 2 2 1.99536
1810 -77.9792 2 3 48.5142
1971 -78.508 0 3 92.0459
2132 -77.1948 1 1 1.35268
711 -77.4336 1 2 54.912
1649 -76.1943 3 2 1.96468
1810 -77.9792 2 3 47.4161
1971 -78.508 1 3 94.1861
2132 -77.1948 1 1 1.32775
711 -77.4336 1 2 54.3068
1649 -76.1943 3 2 1.96044
1810 -77.9792 2 3 47.1554
1971 -78.508 1 3 92.4316
2132 -77.1948 1 1 1.28297
711 -77.4336 1 2 52.5351
1649 -76.1943 3 2 1.90919
1810 -77.9792 2 3 45.6849
1971 -78.508 1 3 91.2749
2132 -77.1948 1 1 1.25589
711 -77.4336 1 2 51.5047
1649 -76.1943 3 2 1.8836
1810 -77.9792 2 3 45.3077
1971 -78.508 1 3 92.8424
2132 -77.1948 1 1 1.2828
711 -77.4336 1 2 50.3308
1649 -76.1943 3 2 1.83298
1810 -77.9792 2 3 44.2766
1971 -78.508 1 3 90.3025
2132 -77.1948 1 1 1.25178
711 -77.4336 1 2 53.078
1649 -76.1943 3 2 1.97352
1810 -77.9792 2 3 43.7533
1971 -78.508 1 3 90.2096
2132 -77.1948 1 1 1.22816
711 -77.4336 1 2 51.8377
1649 -76.1943 3 2 1.91559
1810 -77.9792 2 3 42.8566
1971 -78.508 1 3 88.7276
2132 -77.1948 1 1 1.20073
711 -77.4336 1 2 51.1757
1649 -76.1943 3 2 2.0928
1810 -77.9792 2 3 42.7444
1971 -78.508 1 3 93.702
2132 -77.1948 1 1 1.17252
711 -77.4336 1 2 50.0811
1649 -76.1943 3 2 2.05037
1810 -77.9792 2 3 41.4758
1971 -78.508 1 3 92.3399
2132 -77.1948 1 1 1.16232
711 -77.4336 1 2 49.7981
1649 -76.1943 3 2 2.09955
1810 -77.9792 2 3 41.2658
1971 -78.508 1 3 96.0187
2132 -77.1948 1 1 1.22683
711 -77.4336 1 2 48.8828
1649 -76.1943 3 2 2.0662
1810 -77.9792 2 3 40.1362
1971 -78.508 1 3 95.4319
2132 -77.1948 1 1 1.21082
711 -77.4336 1 2 47.811
1649 -76.1943 3 2 2.11111
1810 -77.9792 2 3 42.9379
1971 -78.508 1 3 97.5152
2132 -77.1948 1 1 1.18954
711 -77.4336 1 2 47.4282
1649 -76.1943 3 2 2.06949
1810 -77.9792 2 3 42.0617
1971 -78.508 1 3 95.5352
2132 -77.1948 1 1 1.15502
711 -77.4336 1 2 46.5569
1649 -76.1943 3 2 2.08544
1810 -77.9792 2 3 41.7442
1971 -78.508 1 3 96.0686
2132 -77.1948 1 1 1.13505
711 -77.4336 1 2 45.3777
1649 -76.1943 3 2 2.05116
1810 -77.9792 2 3 41.1227
1971 -78.508 1 3 94.6975
2132 -77.1948 1 1 1.11549
711 -77.4336 1 2 45.1704
1649 -76.1943 3 2 2.29782
1810 -77.9792 2 3 41.7804
1971 -78.508 1 3 96.3508
2132 -77.1948 1 1 1.10014
711 -77.4336 1 2 45.3963
1649 -76.1943 3 2 2.24819
1810 -77.9792 2 3 41.0315
1971 -78.508 1 3 96.1648
2132 -77.1948 1 1 1.08644
711 -77.4336 1 2 44.8875
1649 -76.1943 3 2 2.59273
1810 -77.9792 2 3 42.8259
1971 -78.508 1 3 98.5652
2132 -77.1948 1 1 1.05578
711 -77.4336 1 2 43.8156
1649 -76.1943 3 2 2.56215
1810 -77.9792 2 3 42.1204
1971 -78.508 1 3 97.5543
2132 -77.1948 1 1 1.03789
711 -77.4336 1 2 46.3153
1649 -76.1943 3 2 2.503
1810 -77.9792 2 3 41.9577
1971 -78.508 1 3 97.6188
2132 -77.1948 1 1 1.02434
711 -77.4336 1 2 45.9339
1649 -76.1943 3 2 2.46261
1810 -77.9792 2 3 41.2104
1971 -78.508 1 3 95.7255
2132 -77.1948 1 1 1.00261
711 -77.4336 1 2 44.8913
1649 -76.1943 3 2 2.42977
1810 -77.9792 2 3 42.5854
1971 -78.508 1 3 98.3653
2132 -77.1948 1 1 0.996128
711 -77.4336 1 2 44.1296
1649 -76.1943 3 2 2.38332
1810 -77.9792 2 3 42.155
1971 -78.508 1 3 100.136
2132 -77.1948 1 1 0.969989
711 -77.4336 1 2 45.3343
1649 -76.1943 3 2 2.46562
1810 -77.9792 2 3 41.5139
1971 -78.508 1 3 100.148
2132 -77.1948 1 1 0.960386
711 -77.4336 1 2 44.5497
1649 -76.1943 3 2 2.43313
1810 -77.9792 2 3 41.1034
1971 -78.508 1 3 98.5077
2132 -77.1948 1 1 0.942073
711 -77.4336 1 2 43.8913
1649 -76.1943 3 2 2.38853
1810 -77.9792 2 3 41.1799
1971 -78.508 1 3 98.5667
2132 -77.1948 1 1 0.932038
711 -77.4336 1 2 43.298
1649 -76.1943 3 2 2.36433
1810 -77.9792 2 3 40.3516
1971 -78.508 1 3 97.1053
2132 -77.1948 1 1 0.915393
711 -77.4336 1 2 44.1487
1649 -76.1943 3 2 2.39739
1810 -77.9792 2 3 40.4102
1971 -78.508 1 3 98.0666
2132 -77.1948 1 1 1.08326
711 -77.4336 1 2 43.6113
1649 -76.1943 3 2 2.35961
1810 -77.9792 2 3 39.7579
1971 -78.508 1 3 97.2119
2132 -77.1948 1 1 1.06826
711 -77.4336 1 2 43.0019
1649 -76.1943 3 2 2.3397
1810 -77.9792 2 3 40.9414
1971 -78.508 1 3 97.2728
2132 -77.1948 1 1 1.12921
711 -77.4336 1 2 42.4767
1649 -76.1943 3 2 2.30203
1810 -77.9792 2 3 40.198
1971 -78.508 1 3 95.9936
2132 -77.1948 1 1 1.11738
711 -77.4336 1 2 42.2043
1649 -76.1943 3 2 2.33088
1810 -77.9792 2 3 40.5803
1971 -78.508 1 3 96.1802
2132 -77.1948 1 1 1.09406
711 -77.4336 1 2 43.5219
1649 -76.1943 3 2 2.29779
1810 -77.9792 2 3 40.9092
1971 -78.508 1 3 95.0823
2132 -77.1948 1 1 1.07753
711 -77.4336 1 2 43.0885
1649 -76.1943 3 2 2.43791
1810 -77.9792 2 3 41.1026
1971 -78.508 1 3 97.2699
2132 -77.1948 1 1 1.07071
711 -77.4336 1 2 43.1464
1649 -76.1943 3 2 2.40731
1810 -77.9792 2 3 40.8576
1971 -78.508 1 3 97.4729
2132 -77.1948 1 1 1.05339
711 -77.4336 1 2 42.717
1649 -76.1943 3 2 2.48666
1810 -77.9792 2 3 41.2943
1971 -78.508 1 3 98.9398
2132 -77.1948 1 1 1.1028
711 -77.4336 1 2 43.3459
1649 -76.1943 2 2 2.44986
1810 -77.9792 2 3 41.1952
1971 -78.508 0 3 102.217
2132 -77.1948 1 1 1.09549
711 -77.4336 1 2 45.4342
1649 -76.1943 2 2 2.4854
1810 -77.9792 2 3 40.6825
1971 -78.508 0 3 105.84
2132 -77.1948 1 1 1.07371
711 -77.4336 1 2 48.8924
1649 -76.1943 3 2 2.44147
1810 -77.9792 2 3 40.1271
1971 -78.508 1 3 104.827
2132 -77.1948 1 1 1.06287
711 -77.4336 1 2 48.626
1649 -76.1943 3 2 2.50673
1810 -77.9792 2 3 40.2831
1971 -78.508 1 3 105.094
2132 -77.1948 1 1 1.20694
711 -77.4336 1 2 48.178
1649 -76.1943 3 2 2.47178
1810 -77.9792 2 3 43.2503
1971 -78.508 1 3 104.033
2132 -77.1948 1 1 1.19697
711 -77.4336 1 2 48.1212
1649 -76.1943 3 2 2.48314
1810 -77.9792 2 3 44.7839
1971 -78.508 1 3 103.438
2132 -77.1948 1 1 1.17723
711 -77.4336 1 2 47.5294
1649 -76.1943 3 2 2.44964
1810 -77.9792 2 3 44.1398
1971 -78.508 1 3 102.529
2132 -77.1948 1 1 1.16263
711 -77.4336 1 2 48.9699
1649 -76.1943 3 2 2.54375
1810 -77.9792 2 3 43.9169
1971 -78.508 1 3 102.448
2132 -77.1948 1 1 1.23874
711 -77.4336 1 2 48.5383
1649 -76.1943 3 2 2.50451
1810 -77.9792 2 3 43.3325
1971 -78.508 1 3 101.206
2132 -77.1948 1 1 1.22868
711 -77.4336 1 2 48.1598
1649 -76.1943 3 2 2.49354
1810 -77.9792 2 3 43.0661
1971 -78.508 1 3 103.712
2132 -77.1948 1 1 1.26832
711 -77.4336 1 2 47.3974
1649 -76.1943 3 2 2.4535
1810 -77.9792 2 3 43.6685
1971 -78.508 1 3 102.722
2132 -77.1948 1 1 1.25345
711 -77.4336 1 2 47.7675
1649 -76.1943 3 2 2.44594
1810 -77.9792 2 3 44.7544
1971 -78.508 1 3 102.968
2132 -77.1948 1 1 1.23723
711 -77.4336 1 2 47.1041
1649 -76.1943 3 2 2.41815
1810 -77.9792 2 3 46.6728
1971 -78.508 1 3 102.453
2132 -77.1948 1 1 1.23077
711 -77.4336 1 2 46.6192
1649 -76.1943 2 2 2.48258
1810 -77.9792 2 3 47.4048
1971 -78.508 1 3 104.148
2132 -77.1948 1 1 1.35526
711 -77.4336 1 2 46.1217
1649 -76.1943 3 2 2.44886
1810 -77.9792 2 3 46.9367
1971 -78.508 1 3 104.322
2132 -77.1948 1 1 1.33793
711 -77.4336 1 2 46.5916
1649 -76.1943 3 2 2.47626
1810 -77.9792 2 3 47.7531
1971 -78.508 1 3 104.18
2132 -77.1948 1 1 1.32808
711 -77.4336 1 2 47.0751
1649 -76.1943 3 2 2.45413
1810 -77.9792 2 3 50.2362
1971 -78.508 1 3 103.32
2132 -77.1948 1 1 1.3352
711 -77.4336 1 2 46.7263
1649 -76.1943 3 2 2.46159
1810 -77.9792 2 3 50.7074
1971 -78.508 1 3 105.155
2132 -77.1948 1 1 1.32194
711 -77.4336 1 2 46.413
1649 -76.1943 3 2 2.42645
1810 -77.9792 2 3 50.2562
1971 -78.508 1 3 103.733
2132 -77.1948 1 1 1.30783
711 -77.4336 1 2 46.9651
1649 -76.1943 3 2 2.48731
1810 -77.9792 2 3 49.5819
1971 -78.508 1 3 105.69
2132 -77.1948 1 1 1.29215
711 -77.4336 1 2 46.5651
1649 -76.1943 3 2 2.45667
1810 -77.9792 2 3 49.2624
1971 -78.508 1 3 104.976
2132 -77.1948 1 1 1.28109
711 -77.4336 0 2 46.1974
1649 -76.1943 2 2 2.43296
1810 -77.9792 1 3 48.6769
1971 -78.508 1 3 107.125
2132 -77.1948 0 1 1.27289
711 -77.4336 1 2 45.911
1649 -76.1943 3 2 2.40465
1810 -77.9792 2 3 48.7726
1971 -78.508 1 3 107.653
2132 -77.1948 1 1 1.28052
711 -77.4336 1 2 46.382
1649 -76.1943 3 2 2.38185
1810 -77.9792 2 3 48.652
1971 -78.508 1 3 109.112
2132 -77.1948 1 1 1.28914
711 -77.4336 1 2 47.714
1649 -76.1943 3 2 2.36453
1810 -77.9792 2 3 48.331
1971 -78.508 1 3 109.767
2132 -77.1948 1 1 1.27766
711 -77.4336 1 2 47.3334
1649 -76.1943 3 2 2.43683
1810 -77.9792 2 3 48.2671
1971 -78.508 1 3 109.254
2132 -77.1948 1 1 1.29223
711 -77.4336 1 2 46.8684
1649 -76.1943 3 2 2.41137
1810 -77.9792 2 3 50.5563
1971 -78.508 1 3 108.117
2132 -77.1948 1 1 1.2844
711 -77.4336 0 2 46.772
1649 -76.1943 3 2 2.41923
1810 -77.9792 1 3 50.94
1971 -78.508 1 3 109.373
2132 -77.1948 0 1 1.3141
711 -77.4336 1 2 48.3537
1649 -76.1943 3 2 2.38458
1810 -77.9792 2 3 50.2454
1971 -78.508 1 3 108.38
2132 -77.1948 1 1 1.29997
711 -77.4336 1 2 50.1428
1649 -76.1943 3 2 2.48828
1810 -77.9792 2 3 49.9846
1971 -78.508 1 3 108.422
2132 -77.1948 1 1 1.29041
711 -77.4336 1 2 49.7668
1649 -76.1943 3 2 2.45953
1810 -77.9792 2 3 49.6247
1971 -78.508 1 3 107.591
2132 -77.1948 1 1 1.27734
711 -77.4336 1 2 50.9358
1649 -76.1943 3 2 2.46695
1810 -77.9792 2 3 49.1304
1971 -78.508 1 3 107.28
2132 -77.1948 1 1 1.28916
711 -77.4336 1 2 50.6128
1649 -76.1943 3 2 2.4363
1810 -77.9792 2 3 48.8921
1971 -78.508 1 3 105.962
2132 -77.1948 1 1 1.2771
711 -77.4336 1 2 50.2646
1649 -76.1943 3 2 2.41751
1810 -77.9792 2 3 49.3419
1971 -78.508 1 3 105.844
2132 -77.1948 1 1 1.26337
711 -77.4336 1 2 50.6428
1649 -76.1943 3 2 2.39033
1810 -77.9792 2 3 48.9664
1971 -78.508 1 3 104.73
2132 -77.1948 1 1 1.25639
711 -77.4336 1 2 50.3644
1649 -76.1943 3 2 2.39358
1810 -77.9792 2 3 49.6005
1971 -78.508 1 3 105.427
2132 -77.1948 1 1 1.24104
711 -77.4336 1 2 49.9385
1649 -76.1943 3 2 2.37825
1810 -77.9792 2 3 50.2867
1971 -78.508 1 3 105.284
2132 -77.1948 1 1 1.22982
711 -77.4336 1 2 49.8841
1649 -76.1943 3 2 2.37241
1810 -77.9792 2 3 49.9401
1971 -78.508 1 3 106.367
2132 -77.1948 1 1 1.21934
711 -77.4336 1 2 49.3965
1649 -76.1943 3 2 2.35562
1810 -77.9792 2 3 49.6297
1971 -78.508 1 3 105.506
2132 -77.1948 1 1 1.20841
711 -77.4336 1 2 49.2829
1649 -76.1943 3 2 2.35504
1810 -77.9792 2 3 50.0409
1971 -78.508 1 3 105.261
2132 -77.1948 1 1 1.24155
711 -77.4336 1 2 49.0092
1649 -76.1943 3 2 2.33186
1810 -77.9792 2 3 50.7058
1971 -78.508 1 3 104.307
2132 -77.1948 1 1 1.23086
711 -77.4336 1 2 48.4577
1649 -76.1943 3 2 2.39846
1810 -77.9792 2 3 50.4843
1971 -78.508 1 3 106.343
2132 -77.1948 1 1 1.22142
711 -77.4336 1 2 48.6288
1649 -76.1943 3 2 2.3846
1810 -77.9792 2 3 50.3882
1971 -78.508 1 3 106.351
2132 -77.1948 1 1 1.21117
711 -77.4336 1 2 49.5441
1649 -76.1943 3 2 2.39823
1810 -77.9792 2 3 50.9782
1971 -78.508 1 3 105.956
2132 -77.1948 1 1 1.26691
711 -77.4336 1 2 49.2248
1649 -76.1943 3 2 2.38272
1810 -77.9792 2 3 50.5869
1971 -78.508 1 3 105.262
2132 -77.1948 1 1 1.2565
711 -77.4336 1 2 49.0309
1649 -76.1943 3 2 2.41024
1810 -77.9792 2 3 50.5888
1971 -78.508 1 3 105.793
2132 -77.1948 1 1 1.24627
711 -77.4336 1 2 48.7047
1649 -76.1943 3 2 2.38402
1810 -77.9792 2 3 50.6313
1971 -78.508 1 3 107.077
2132 -77.1948 1 1 1.25877
711 -77.4336 1 2 49.6636
1649 -76.1943 2 2 2.50986
1810 -77.9792 2 3 50.5371
1971 -78.508 1 3 105.934
2132 -77.1948 1 1 1.2441
711 -77.4336 1 2 51.1708
1649 -76.1943 3 2 2.4829
1810 -77.9792 2 3 50.3072
1971 -78.508 1 3 105.302
2132 -77.1948 1 1 1.2322
711 -77.4336 1 2 51.2258
1649 -76.1943 3 2 2.48354
1810 -77.9792 2 3 50.6364
1971 -78.508 1 3 105.017
2132 -77.1948 1 1 1.28288
711 -77.4336 1 2 50.744
1649 -76.1943 3 2 2.47067
1810 -77.9792 2 3 50.1933
1971 -78.508 1 3 104.124
2132 -77.1948 1 1 1.27629
711 -77.4336 1 2 50.4883
1649 -76.1943 3 2 2.4893
1810 -77.9792 2 3 49.7643
1971 -78.508 1 3 105.611
2132 -77.1948 1 1 1.26174
711 -77.4336 1 2 50.0653
1649 -76.1943 3 2 2.46619
1810 -77.9792 2 3 49.4887
1971 -78.508 1 3 104.487
2132 -77.1948 1 1 1.25677
711 -77.4336 1 2 49.7644
1649 -76.1943 3 2 2.50622
1810 -77.9792 2 3 50.4444
1971 -78.508 1 3 105.624
2132 -77.1948 1 1 1.24235
711 -77.4336 1 2 50.3207
1649 -76.1943 3 2 2.49108
1810 -77.9792 2 3 50.6586
1971 -78.508 1 3 105.26
2132 -77.1948 1 1 1.23301
711 -77.4336 1 2 50.803
1649 -76.1943 3 2 2.5258
1810 -77.9792 2 3 50.4679
1971 -78.508 1 3 105.149
2132 -77.1948 1 1 1.31829
711 -77.4336 1 2 50.3528
1649 -76.1943 3 2 2.50936
1810 -77.9792 2 3 50.0749
1971 -78.508 1 3 104.953
2132 -77.1948 1 1 1.3094
711 -77.4336 1 2 50.1713
1649 -76.1943 3 2 2.48954
1810 -77.9792 2 3 50.5554
1971 -78.508 1 3 105.5
2132 -77.1948 1 1 1.33706
711 -77.4336 1 2 49.7667
1649 -76.1943 3 2 2.46564
1810 -77.9792 2 3 51.0271
1971 -78.508 1 3 104.849
2132 -77.1948 1 1 1.32688
711 -77.4336 1 2 49.4592
1649 -76.1943 3 2 2.48842
1810 -77.9792 2 3 51.0795
1971 -78.508 1 3 106.254
2132 -77.1948 1 1 1.37619
711 -77.4336 1 2 49.2364
1649 -76.1943 3 2 2.47298
1810 -77.9792 2 3 50.5538
1971 -78.508 1 3 105.368
2132 -77.1948 1 1 1.36603
711 -77.4336 0 2 48.8325
1649 -76.1943 1 2 2.48996
1810 -77.9792 1 3 50.196
1971 -78.508 0 3 106.569
2132 -77.1948 0 1 1.37277
711 -77.4336 1 2 48.9885
1649 -76.1943 3 2 2.47155
1810 -77.9792 2 3 49.9249
1971 -78.508 1 3 108.163
2132 -77.1948 1 1 1.3654
711 -77.4336 1 2 48.4957
1649 -76.1943 3 2 2.52045
1810 -77.9792 2 3 49.7512
1971 -78.508 1 3 108.054
2132 -77.1948 1 1 1.42403
711 -77.4336 1 2 48.1574
1649 -76.1943 3 2 2.50806
1810 -77.9792 2 3 49.2462
1971 -78.508 1 3 107.547
2132 -77.1948 1 1 1.41306
711 -77.4336 1 2 47.9103
1649 -76.1943 3 2 2.49424
1810 -77.9792 2 3 49.8055
1971 -78.508 1 3 107.326
2132 -77.1948 1 1 1.40252
711 -77.4336 1 2 47.5049
1649 -76.1943 3 2 2.46906
1810 -77.9792 2 3 49.4972
1971 -78.508 1 3 106.792
2132 -77.1948 1 1 1.39332
711 -77.4336 1 2 47.6096
1649 -76.1943 3 2 2.53929
1810 -77.9792 2 3 49.5788
1971 -78.508 1 3 106.063
2132 -77.1948 1 1 1.38359
711 -77.4336 1 2 47.4764
1649 -76.1943 3 2 2.52176
1810 -77.9792 2 3 49.0736
1971 -78.508 1 3 105.284
2132 -77.1948 1 1 1.37318
711 -77.4336 1 2 49.0544
1649 -76.1943 3 2 2.57891
1810 -77.9792 2 3 49.1497
1971 -78.508 1 3 105.351
2132 -77.1948 1 1 1.40038
711 -77.4336 1 2 49.2782
1649 -76.1943 3 2 2.55736
1810 -77.9792 2 3 48.9252
1971 -78.508 1 3 104.399
2132 -77.1948 1 1 1.38845
711 -77.4336 1 2 50.1281
1649 -76.1943 3 2 2.61246
1810 -77.9792 2 3 48.8144
1971 -78.508 1 3 104.428
2132 -77.1948 1 1 1.41546
711 -77.4336 1 2 49.8763
1649 -76.1943 3 2 2.58911
1810 -77.9792 2 3 48.561
1971 -78.508 1 3 103.74
2132 -77.1948 1 1 1.4074
711 -77.4336 1 2 49.505
1649 -76.1943 3 2 2.6225
1810 -77.9792 2 3 48.5432
1971 -78.508 1 3 104.718
2132 -77.1948 1 1 1.39486
711 -77.4336 1 2 49.3277
1649 -76.1943 3 2 2.61499
1810 -77.9792 2 3 48.0622
1971 -78.508 1 3 104.806
2132 -77.1948 1 1 1.38875
711 -77.4336 1 2 48.9967
1649 -76.1943 3 2 2.69387
1810 -77.9792 2 3 48.7734
1971 -78.508 1 3 104.809
2132 -77.1948 1 1 1.39607
711 -77.4336 1 2 48.5402
1649 -76.1943 3 2 2.67335
1810 -77.9792 2 3 48.6742
1971 -78.508 1 3 104.706
2132 -77.1948 1 1 1.3841
711 -77.4336 1 2 48.453
1649 -76.1943 3 2 2.73511
1810 -77.9792 2 3 49.5695
1971 -78.508 1 3 104.526
2132 -77.1948 1 1 1.4435
711 -77.4336 1 2 48.0585
1649 -76.1943 3 2 2.72506
1810 -77.9792 2 3 50.7992
1971 -78.508 1 3 104.127
2132 -77.1948 1 1 1.61206
711 -77.4336 0 2 47.8589
1649 -76.1943 3 2 2.76239
1810 -77.9792 1 3 50.6742
1971 -78.508 1 3 104.536
2132 -77.1948 0 1 1.60081
711 -77.4336 1 2 48.1333
1649 -76.1943 3 2 2.74376
1810 -77.9792 1 3 50.7785
1971 -78.508 1 3 105.409
2132 -77.1948 1 1 1.59171
711 -77.4336 1 2 50.4444
1649 -76.1943 2 2 2.73438
1810 -77.9792 2 3 51.0803
1971 -78.508 1 3 105.26
2132 -77.1948 1 1 1.58
711 -77.4336 1 2 50.2109
1649 -76.1943 3 2 2.71355
1810 -77.9792 2 3 51.0809
1971 -78.508 1 3 105.52
2132 -77.1948 1 1 1.56914
711 -77.4336 1 2 50.7057
1649 -76.1943 3 2 2.78147
1810 -77.9792 1 3 50.8476
1971 -78.508 1 3 106.08
2132 -77.1948 1 1 1.60569
711 -77.4336 1 2 51.367
1649 -76.1943 3 2 2.75932
1810 -77.9792 2 3 50.5313
1971 -78.508 1 3 105.678
2132 -77.1948 1 1 1.59715
711 -77.4336 0 2 51.095
1649 -76.1943 2 2 2.76906
1810 -77.9792 1 3 50.502
1971 -78.508 1 3 106.664
2132 -77.1948 0 1 1.60794
711 -77.4336 1 2 50.9779
1649 -76.1943 3 2 2.75126
1810 -77.9792 2 3 50.3053
1971 -78.508 1 3 106.961
2132 -77.1948 1 1 1.65665
711 -77.4336 1 2 50.7555
1649 -76.1943 3 2 2.73796
1810 -77.9792 2 3 50.725
1971 -78.508 1 3 108.874
2132 -77.1948 1 1 1.70713
711 -77.4336 1 2 50.5874
1649 -76.1943 3 2 2.7185
1810 -77.9792 2 3 50.6203
1971 -78.508 1 3 108.165
2132 -77.1948 1 1 1.69495
711 -77.4336 1 2 50.6558
1649 -76.1943 3 2 2.72171
1810 -77.9792 2 3 50.6614
1971 -78.508 1 3 109.094
2132 -77.1948 1 1 1.68921
711 -77.4336 1 2 50.3798
1649 -76.1943 3 2 2.70013
1810 -77.9792 2 3 50.4204
1971 -78.508 1 3 108.87
2132 -77.1948 1 1 1.6765
711 -77.4336 1 2 50.5021
1649 -76.1943 3 2 2.68889
1810 -77.9792 2 3 50.1724
1971 -78.508 1 3 110.385
2132 -77.1948 1 1 1.6664
711 -77.4336 1 2 50.1632
1649 -76.1943 3 2 2.66737
1810 -77.9792 2 3 49.8143
1971 -78.508 1 3 109.77
2132 -77.1948 1 1 1.65901
711 -77.4336 1 2 50.0677
1649 -76.1943 3 2 2.69924
1810 -77.9792 2 3 50.3997
1971 -78.508 1 3 110.159
2132 -77.1948 1 1 1.64826
711 -77.4336 1 2 50.7483
1649 -76.1943 3 2 2.68079
1810 -77.9792 2 3 50.0553
1971 -78.508 1 3 109.21
2132 -77.1948 1 1 1.63581
711 -77.4336 1 2 50.5873
1649 -76.1943 3 2 2.68187
1810 -77.9792 2 3 49.8486
1971 -78.508 1 3 110.182
2132 -77.1948 1 1 1.62683
711 -77.4336 1 2 50.3557
1649 -76.1943 3 2 2.66262
1810 -77.9792 2 3 49.5484
1971 -78.508 1 3 109.615
2132 -77.1948 1 1 1.6175
711 -77.4336 0 2 50.081
1649 -76.1943 3 2 2.74256
1810 -77.9792 1 3 49.2566
1971 -78.508 1 3 110.566
2132 -77.1948 0 1 1.6109
711 -77.4336 1 2 49.8453
1649 -76.1943 3 2 2.71825
1810 -77.9792 2 3 49.2667
1971 -78.508 1 3 110.842
2132 -77.1948 1 1 1.59791
711 -77.4336 1 2 50.1718
1649 -76.1943 3 2 2.77542
1810 -77.9792 2 3 49.1652
1971 -78.508 1 3 110.777
2132 -77.1948 1 1 1.58905
711 -77.4336 1 2 50.0428
1649 -76.1943 3 2 2.76024
1810 -77.9792 2 3 49.1241
1971 -78.508 1 3 110.338
2132 -77.1948 1 1 1.5789
711 -77.4336 1 2 50.0077
1649 -76.1943 3 2 2.77317
1810 -77.9792 2 3 48.9926
1971 -78.508 1 3 110.596
2132 -77.1948 1 1 1.5845
711 -77.4336 1 2 49.6572
1649 -76.1943 3 2 2.76339
1810 -77.9792 2 3 48.6202
1971 -78.508 1 3 110.447
2132 -77.1948 1 1 1.57462
711 -77.4336 1 2 49.4453
1649 -76.1943 3 2 2.91521
1810 -77.9792 2 3 48.5625
1971 -78.508 1 3 110.954
2132 -77.1948 1 1 1.56772
711 -77.4336 1 2 49.2925
1649 -76.1943 3 2 2.89547
1810 -77.9792 2 3 48.8502
1971 -78.508 1 3 110.587
2132 -77.1948 1 1 1.55982
711 -77.4336 1 2 49.4141
1649 -76.1943 3 2 2.90655
1810 -77.9792 2 3 49.7016
1971 -78.508 1 3 110.209
2132 -77.1948 1 1 1.58998
711 -77.4336 1 2 49.8226
1649 -76.1943 3 2 2.89301
1810 -77.9792 2 3 49.4721
1971 -78.508 1 3 109.761
2132 -77.1948 1 1 1.58284
711 -77.4336 1 2 49.71
1649 -76.1943 3 2 2.87699
1810 -77.9792 2 3 49.3851
1971 -78.508 1 3 110.212
2132 -77.1948 1 1 1.58736
711 -77.4336 1 2 49.4641
1649 -76.1943 3 2 2.86145
1810 -77.9792 2 3 49.0739
1971 -78.508 1 3 109.453
2132 -77.1948 1 1 1.58022
711 -77.4336 1 2 49.991
1649 -76.1943 3 2 2.86262
1810 -77.9792 2 3 48.9365
1971 -78.508 1 3 109.561
2132 -77.1948 1 1 1.57037
711 -77.4336 1 2 49.8741
1649 -76.1943 3 2 2.84043
1810 -77.9792 2 3 48.6333
1971 -78.508 1 3 108.932
2132 -77.1948 1 1 1.56164
711 -77.4336 1 2 49.7811
1649 -76.1943 2 2 2.85764
1810 -77.9792 2 3 48.6774
1971 -78.508 1 3 109.877
2132 -77.1948 1 1 1.55633
711 -77.4336 1 2 49.8137
1649 -76.1943 3 2 2.83998
1810 -77.9792 2 3 48.4857
1971 -78.508 1 3 109.664
2132 -77.1948 1 1 1.5451
711 -77.4336 1 2 49.6163
1649 -76.1943 3 2 2.82135
1810 -77.9792 2 3 48.4985
1971 -78.508 1 3 110.608
2132 -77.1948 1 1 1.55031
711 -77.4336 1 2 49.4308
1649 -76.1943 3 2 2.80803
1810 -77.9792 2 3 48.2766
1971 -78.508 1 3 109.979
2132 -77.1948 1 1 1.5427
711 -77.4336 1 2 49.2951
1649 -76.1943 3 2 2.7982
1810 -77.9792 2 3 48.4532
1971 -78.508 1 3 109.412
2132 -77.1948 1 1 1.55945
711 -77.4336 1 2 49.1172
1649 -76.1943 3 2 2.77725
1810 -77.9792 2 3 48.1527
1971 -78.508 1 3 109.154
2132 -77.1948 1 1 1.55242
711 -77.4336 1 2 48.8762
1649 -76.1943 3 2 2.82804
1810 -77.9792 2 3 48.1529
1971 -78.508 0 3 110.078
2132 -77.1948 1 1 1.55697
711 -77.4336 1 2 49.6332
1649 -76.1943 3 2 2.8165
1810 -77.9792 2 3 47.8349
1971 -78.508 1 3 109.759
2132 -77.1948 1 1 1.54823
711 -77.4336 1 2 50.0566
1649 -76.1943 3 2 2.83728
1810 -77.9792 2 3 47.689
1971 -78.508 1 3 109.856
2132 -77.1948 1 1 1.58099
711 -77.4336 1 2 49.8659
1649 -76.1943 3 2 2.8297
1810 -77.9792 2 3 47.4026
1971 -78.508 1 3 109.429
2132 -77.1948 1 1 1.57079
711 -77.4336 1 2 49.7091
1649 -76.1943 3 2 2.8395
1810 -77.9792 2 3 47.2074
1971 -78.508 1 3 109.098
2132 -77.1948 1 1 1.59295
711 -77.4336 1 2 49.4399
1649 -76.1943 3 2 2.82122
1810 -77.9792 2 3 47.013
1971 -78.508 1 3 108.551
2132 -77.1948 1 1 1.58204
711 -77.4336 1 2 49.6321
1649 -76.1943 3 2 2.82002
1810 -77.9792 2 3 47.3562
1971 -78.508 1 3 108.488
2132 -77.1948 1 1 1.62216
711 -77.4336 1 2 49.3463
1649 -76.1943 3 2 2.80908
1810 -77.9792 2 3 47.1769
1971 -78.508 1 3 108.035
2132 -77.1948 1 1 1.61561
711 -77.4336 0 2 49.2409
1649 -76.1943 3 2 2.79062
1810 -77.9792 1 3 46.8898
1971 -78.508 1 3 108.634
2132 -77.1948 0 1 1.61852
711 -77.4336 1 2 50.387
1649 -76.1943 3 2 2.78304
1810 -77.9792 2 3 46.8253
1971 -78.508 1 3 108.162
2132 -77.1948 1 1 1.61426
711 -77.4336 1 2 50.8165
1649 -76.1943 3 2 2.77842
1810 -77.9792 2 3 47.0134
1971 -78.508 1 3 107.851
2132 -77.1948 1 1 1.64025
711 -77.4336 1 2 50.8998
1649 -76.1943 3 2 2.76228
1810 -77.9792 2 3 46.8172
1971 -78.508 1 3 107.516
2132 -77.1948 1 1 1.63228
711 -77.4336 1 2 50.9061
1649 -76.1943 3 2 2.78377
1810 -77.9792 2 3 46.7945
1971 -78.508 1 3 107.504
2132 -77.1948 1 1 1.63747
711 -77.4336 1 2 50.6856
1649 -76.1943 3 2 2.77747
1810 -77.9792 2 3 46.624
1971 -78.508 1 3 107.335
2132 -77.1948 1 1 1.62845
711 -77.4336 1 2 50.6746
1649 -76.1943 3 2 2.75678
1810 -77.9792 2 3 46.9431
1971 -78.508 1 3 107.653
2132 -77.1948 1 1 1.6466
711 -77.4336 1 2 50.3914
1649 -76.1943 3 2 2.74511
1810 -77.9792 2 3 47.1756
1971 -78.508 1 3 107.548
2132 -77.1948 1 1 1.64074
711 -77.4336 1 2 50.5178
1649 -76.1943 3 2 2.75389
1810 -77.9792 2 3 47.2323
1971 -78.508 1 3 107.931
2132 -77.1948 1 1 1.62963
711 -77.4336 1 2 50.5167
1649 -76.1943 3 2 2.74187
1810 -77.9792 2 3 46.9864
1971 -78.508 1 3 107.315
2132 -77.1948 1 1 1.62188
711 -77.4336 1 2 50.2063
1649 -76.1943 3 2 2.73081
1810 -77.9792 2 3 47.0793
1971 -78.508 1 3 108.207
2132 -77.1948 1 1 1.61379
711 -77.4336 1 2 50.0217
1649 -76.1943 3 2 2.72089
1810 -77.9792 2 3 46.8428
1971 -78.508 1 3 107.715
2132 -77.1948 1 1 1.60546
711 -77.4336 1 2 49.9646
1649 -76.1943 3 2 2.73444
1810 -77.9792 2 3 46.6451
1971 -78.508 1 3 108.156
2132 -77.1948 1 1 1.60014
711 -77.4336 1 2 49.7797
1649 -76.1943 3 2 2.7136
1810 -77.9792 2 3 46.4594
1971 -78.508 1 3 107.517
2132 -77.1948 1 1 1.59429
711 -77.4336 0 2 49.6403
1649 -76.1943 3 2 2.72391
1810 -77.9792 1 3 46.6306
1971 -78.508 1 3 107.85
2132 -77.1948 0 1 1.58328
711 -77.4336 1 2 49.4364
1649 -76.1943 3 2 2.71576
1810 -77.9792 2 3 47.2634
1971 -78.508 1 3 107.55
2132 -77.1948 1 1 1.57912
711 -77.4336 1 2 49.1997
1649 -76.1943 3 2 2.72649
1810 -77.9792 2 3 47.4949
1971 -78.508 1 3 108.365
2132 -77.1948 1 1 1.61687
711 -77.4336 1 2 49.0248
1649 -76.1943 3 2 2.71725
1810 -77.9792 2 3 47.3363
1971 -78.508 1 3 107.731
2132 -77.1948 1 1 1.60722
711 -77.4336 1 2 48.8874
1649 -76.1943 3 2 2.72729
1810 -77.9792 2 3 47.0914
1971 -78.508 1 3 108.077
2132 -77.1948 1 1 1.62608
711 -77.4336 1 2 48.5882
1649 -76.1943 3 2 2.71303
1810 -77.9792 2 3 46.8543
1971 -78.508 1 3 107.711
2132 -77.1948 1 1 1.61712
711 -77.4336 1 2 48.6048
1649 -76.1943 3 2 2.70827
1810 -77.9792 2 3 47.4378
1971 -78.508 1 3 107.855
2132 -77.1948 1 1 1.61329
711 -77.4336 1 2 48.4478
1649 -76.1943 3 2 2.69434
1810 -77.9792 2 3 47.6845
1971 -78.508 1 3 107.428
2132 -77.1948 1 1 1.62686
711 -77.4336 1 2 48.1387
1649 -76.1943 3 2 2.69438
1810 -77.9792 2 3 47.9381
1971 -78.508 1 3 107.507
2132 -77.1948 1 1 1.61664
711 -77.4336 1 2 47.9178
1649 -76.1943 3 2 2.68279
1810 -77.9792 2 3 47.8362
1971 -78.508 1 3 107.096
2132 -77.1948 1 1 1.61111
711 -77.4336 1 2 47.726
1649 -76.1943 3 2 2.68802
1810 -77.9792 2 3 48.1611
1971 -78.508 1 3 107.165
2132 -77.1948 1 1 1.62616
711 -77.4336 1 2 47.6112
1649 -76.1943 3 2 2.67065
1810 -77.9792 2 3 49.6674
1971 -78.508 1 3 106.715
2132 -77.1948 1 1 1.61663
711 -77.4336 0 2 47.3527
1649 -76.1943 1 2 2.6679
1810 -77.9792 1 3 49.4666
1971 -78.508 1 3 107.636
2132 -77.1948 0 1 1.61095
711 -77.4336 1 2 47.2481
1649 -76.1943 3 2 2.65626
1810 -77.9792 2 3 49.2541
1971 -78.508 1 3 108.833
2132 -77.1948 1 1 1.62484
711 -77.4336 1 2 47.2157
1649 -76.1943 3 2 2.66125
1810 -77.9792 2 3 49.3104
1971 -78.508 1 3 109.109
2132 -77.1948 1 1 1.6194
711 -77.4336 1 2 47.1761
1649 -76.1943 3 2 2.64509
1810 -77.9792 2 3 49.5587
1971 -78.508 1 3 108.757
2132 -77.1948 1 1 1.61061
711 -77.4336 1 2 47.4824
1649 -76.1943 2 2 2.69766
1810 -77.9792 1 3 49.3031
1971 -78.508 1 3 109.061
2132 -77.1948 1 1 1.65759
711 -77.4336 1 2 47.9184
1649 -76.1943 3 2 2.68609
1810 -77.9792 2 3 49.1847
1971 -78.508 1 3 109.22
2132 -77.1948 1 1 1.65055
711 -77.4336 1 2 48.1273
1649 -76.1943 3 2 2.69786
1810 -77.9792 2 3 49.0792
1971 -78.508 1 3 108.848
2132 -77.1948 1 1 1.66691
711 -77.4336 1 2 47.907
1649 -76.1943 3 2 2.68845
1810 -77.9792 2 3 48.8266
1971 -78.508 1 3 108.573
2132 -77.1948 1 1 1.65971
711 -77.4336 1 2 48.075
1649 -76.1943 3 2 2.72892
1810 -77.9792 2 3 48.8169
1971 -78.508 1 3 108.743
2132 -77.1948 1 1 1.65086
711 -77.4336 1 2 48.6207
1649 -76.1943 3 2 2.71699
1810 -77.9792 2 3 48.8534
1971 -78.508 1 3 108.307
2132 -77.1948 1 1 1.64528
711 -77.4336 1 2 48.8651
1649 -76.1943 3 2 2.7139
1810 -77.9792 2 3 49.3011
1971 -78.508 1 3 108.599
2132 -77.1948 1 1 1.63735
711 -77.4336 1 2 48.7491
1649 -76.1943 3 2 2.70722
1810 -77.9792 2 3 49.0577
1971 -78.508 1 3 108.132
2132 -77.1948 1 1 1.63339
711 -77.4336 0 2 48.7846
1649 -76.1943 2 2 2.696
1810 -77.9792 1 3 48.9579
1971 -78.508 1 3 109.398
2132 -77.1948 0 1 1.62487
711 -77.4336 1 2 49.1435
1649 -76.1943 3 2 2.68053
1810 -77.9792 2 3 48.6854
1971 -78.508 1 3 109.757
2132 -77.1948 1 1 1.61618
711 -77.4336 1 2 49.0214
1649 -76.1943 3 2 2.74446
1810 -77.9792 2 3 48.5578
1971 -78.508 1 3 110.522
2132 -77.1948 1 1 1.61998
711 -77.4336 1 2 49.0644
1649 -76.1943 3 2 2.73249
1810 -77.9792 2 3 48.3455
1971 -78.508 1 3 111.234
2132 -77.1948 1 1 1.618
711 -77.4336 1 2 48.8155
1649 -76.1943 3 2 2.73085
1810 -77.9792 2 3 48.5091
1971 -78.508 1 3 110.708
2132 -77.1948 1 1 1.67046
711 -77.4336 1 2 48.6044
1649 -76.1943 3 2 2.72173
1810 -77.9792 2 3 48.333
1971 -78.508 1 3 110.35
2132 -77.1948 1 1 1.66481
711 -77.4336 1 2 48.6492
1649 -76.1943 3 2 2.74964
1810 -77.9792 1 3 48.2118
1971 -78.508 1 3 110.722
2132 -77.1948 1 1 1.67782
711 -77.4336 1 2 48.4926
1649 -76.1943 3 2 2.73655
1810 -77.9792 2 3 48.5979
1971 -78.508 1 3 110.824
2132 -77.1948 1 1 1.66932
711 -77.4336 1 2 48.3463
1649 -76.1943 3 2 2.77954
1810 -77.9792 2 3 48.8686
1971 -78.508 1 3 110.585
2132 -77.1948 1 1 1.70355
711 -77.4336 1 2 48.233
1649 -76.1943 3 2 2.76861
1810 -77.9792 2 3 48.6681
1971 -78.508 1 3 109.986
2132 -77.1948 1 1 1.69623
711 -77.4336 1 2 48.4675
1649 -76.1943 3 2 2.76467
1810 -77.9792 2 3 48.854
1971 -78.508 1 3 109.793
2132 -77.1948 1 1 1.73998
711 -77.4336 1 2 48.3335
1649 -76.1943 3 2 2.75435
1810 -77.9792 2 3 48.5623
1971 -78.508 1 3 109.39
2132 -77.1948 1 1 1.73434
711 -77.4336 1 2 48.1659
1649 -76.1943 1 2 2.77221
1810 -77.9792 2 3 48.6202
1971 -78.508 0 3 109.599
2132 -77.1948 1 1 1.77479
711 -77.4336 1 2 48.1534
1649 -76.1943 3 2 2.76243
1810 -77.9792 2 3 48.4591
1971 -78.508 1 3 109.683
2132 -77.1948 1 1 1.76815
711 -77.4336 1 2 48.5172
1649 -76.1943 3 2 2.75241
1810 -77.9792 2 3 48.6474
1971 -78.508 1 3 109.888
2132 -77.1948 1 1 1.77297
711 -77.4336 1 2 48.4032
1649 -76.1943 3 2 2.74342
1810 -77.9792 2 3 48.4635
1971 -78.508 1 3 109.517
2132 -77.1948 1 1 1.76454
711 -77.4336 0 2 48.912
1649 -76.1943 2 2 2.74888
1810 -77.9792 0 3 48.4124
1971 -78.508 0 3 109.674
2132 -77.1948 0 1 1.76072
711 -77.4336 1 2 49.8046
1649 -76.1943 3 2 2.74273
1810 -77.9792 2 3 48.3064
1971 -78.508 1 3 109.326
2132 -77.1948 1 1 1.75029
711 -77.4336 1 2 49.9627
1649 -76.1943 3 2 2.74813
1810 -77.9792 2 3 48.2754
1971 -78.508 1 3 109.631
2132 -77.1948 1 1 1.75624
711 -77.4336 1 2 49.7575
1649 -76.1943 3 2 2.74214
1810 -77.9792 2 3 48.087
1971 -78.508 1 3 109.127
2132 -77.1948 1 1 1.74631
711 -77.4336 1 2 49.5479
1649 -76.1943 2 2 2.74481
1810 -77.9792 2 3 48.0865
1971 -78.508 1 3 109.797
2132 -77.1948 1 1 1.74141
711 -77.4336 1 2 50.1276
1649 -76.1943 3 2 2.7356
1810 -77.9792 2 3 48.286
1971 -78.508 1 3 109.986
2132 -77.1948 1 1 1.7336
711 -77.4336 1 2 49.9956
1649 -76.1943 3 2 2.76152
1810 -77.9792 2 3 48.1902
1971 -78.508 1 3 109.864
2132 -77.1948 1 1 1.73674
711 -77.4336 1 2 49.8251
1649 -76.1943 3 2 2.75214
1810 -77.9792 2 3 48.0454
1971 -78.508 1 3 109.532
2132 -77.1948 1 1 1.73066
711 -77.4336 0 2 49.8671
1649 -76.1943 3 2 2.74145
1810 -77.9792 1 3 47.9968
1971 -78.508 1 3 110.223
2132 -77.1948 0 1 1.72319
711 -77.4336 1 2 49.7946
1649 -76.1943 3 2 2.73084
1810 -77.9792 2 3 47.7944
1971 -78.508 1 3 110.03
2132 -77.1948 1 1 1.71658
711 -77.4336 1 2 49.9079
1649 -76.1943 3 2 2.73406
1810 -77.9792 2 3 48.0637
1971 -78.508 1 3 109.842
2132 -77.1948 1 1 1.758
711 -77.4336 1 2 50.1121
1649 -76.1943 3 2 2.72503
1810 -77.9792 2 3 48.0268
1971 -78.508 1 3 110.217
2132 -77.1948 1 1 1.75404
711 -77.4336 1 2 49.936
1649 -76.1943 3 2 2.72909
1810 -77.9792 2 3 48.1217
1971 -78.508 1 3 110.503
2132 -77.1948 1 1 1.74646
711 -77.4336 1 2 49.793
1649 -76.1943 3 2 2.71948
1810 -77.9792 2 3 48.1783
1971 -78.508 1 3 110.354
2132 -77.1948 1 1 1.73942
711 -77.4336 1 2 49.9505
1649 -76.1943 2 2 2.73982
1810 -77.9792 2 3 48.7454
1971 -78.508 1 3 109.928
2132 -77.1948 1 1 1.73052
711 -77.4336 1 2 50.139
1649 -76.1943 3 2 2.72776
1810 -77.9792 2 3 48.7747
1971 -78.508 1 3 109.424
2132 -77.1948 1 1 1.72429
711 -77.4336 1 2 50.3234
1649 -76.1943 3 2 2.71716
1810 -77.9792 2 3 48.8425
1971 -78.508 1 3 109.512
2132 -77.1948 1 1 1.74667
711 -77.4336 1 2 50.2923
1649 -76.1943 3 2 2.71072
1810 -77.9792 2 3 48.8527
1971 -78.508 1 3 109.826
2132 -77.1948 1 1 1.74037
711 -77.4336 1 2 50.695
1649 -76.1943 3 2 2.70645
1810 -77.9792 2 3 48.8603
1971 -78.508 1 3 109.631
2132 -77.1948 1 1 1.73328
711 -77.4336 1 2 50.521
1649 -76.1943 3 2 2.69957
1810 -77.9792 2 3 48.6578
1971 -78.508 1 3 109.326
2132 -77.1948 1 1 1.72851
711 -77.4336 1 2 50.4232
1649 -76.1943 3 2 2.68686
1810 -77.9792 2 3 48.5778
1971 -78.508 1 3 109.344
2132 -77.1948 1 1 1.75999
711 -77.4336 1 2 50.2296
1649 -76.1943 3 2 2.67801
1810 -77.9792 2 3 48.3253
1971 -78.508 1 3 108.854
2132 -77.1948 1 1 1.75403
711 -77.4336 1 2 50.0864
1649 -76.1943 2 2 2.66551
1810 -77.9792 2 3 48.4187
1971 -78.508 1 3 109.119
2132 -77.1948 1 1 1.74392
711 -77.4336 1 2 50.609
1649 -76.1943 3 2 2.65983
1810 -77.9792 2 3 48.22
1971 -78.508 1 3 109.79
2132 -77.1948 1 1 1.73859
711 -77.4336 1 2 50.907
1649 -76.1943 3 2 2.66854
1810 -77.9792 2 3 48.456
1971 -78.508 1 3 109.718
2132 -77.1948 1 1 1.73147
711 -77.4336 1 2 50.7907
1649 -76.1943 3 2 2.66005
1810 -77.9792 2 3 48.3095
1971 -78.508 1 3 109.615
2132 -77.1948 1 1 1.72622
711 -77.4336 1 2 51.2423
1649 -76.1943 3 2 2.65477
1810 -77.9792 2 3 48.261
1971 -78.508 1 3 109.374
2132 -77.1948 1 1 1.71921
711 -77.4336 1 2 51.0962
1649 -76.1943 3 2 2.64481
1810 -77.9792 2 3 48.1041
1971 -78.508 1 3 109.152
2132 -77.1948 1 1 1.71271
711 -77.4336 1 2 51.0702
1649 -76.1943 3 2 2.69294
1810 -77.9792 2 3 48.1096
1971 -78.508 1 3 109.137
2132 -77.1948 1 1 1.72505
711 -77.4336 1 2 50.9572
1649 -76.1943 3 2 2.68218
1810 -77.9792 2 3 48.0957
1971 -78.508 1 3 108.838
2132 -77.1948 1 1 1.72024
711 -77.4336 1 2 50.8079
1649 -76.1943 3 2 2.69719
1810 -77.9792 2 3 47.9003
1971 -78.508 1 3 109.922
2132 -77.1948 1 1 1.71234
711 -77.4336 1 2 50.7546
1649 -76.1943 3 2 2.68681
1810 -77.9792 2 3 47.8841
1971 -78.508 1 3 109.986
2132 -77.1948 1 1 1.7072
711 -77.4336 1 2 50.6403
1649 -76.1943 3 2 2.70157
1810 -77.9792 2 3 47.9785
1971 -78.508 1 3 109.924
2132 -77.1948 1 1 1.70985
711 -77.4336 1 2 50.5409
1649 -76.1943 3 2 2.68919
1810 -77.9792 2 3 47.8372
1971 -78.508 1 3 109.667
2132 -77.1948 1 1 1.70515
711 -77.4336 1 2 50.5823
1649 -76.1943 3 2 2.6977
1810 -77.9792 2 3 48.0754
1971 -78.508 1 3 109.594
2132 -77.1948 1 1 1.69715
711 -77.4336 1 2 50.5273
1649 -76.1943 3 2 2.6854
1810 -77.9792 2 3 47.8801
1971 -78.508 1 3 109.487
2132 -77.1948 1 1 1.69196
711 -77.4336 0 2 50.7965
1649 -76.1943 2 2 2.68439
1810 -77.9792 1 3 47.8022
1971 -78.508 1 3 109.81
2132 -77.1948 0 1 1.72194
711 -77.4336 1 2 50.8298
1649 -76.1943 3 2 2.67753
1810 -77.9792 2 3 47.6319
1971 -78.508 1 3 109.498
2132 -77.1948 1 1 1.71535
711 -77.4336 1 2 50.9089
1649 -76.1943 3 2 2.66523
1810 -77.9792 2 3 47.71
1971 -78.508 1 3 109.613
2132 -77.1948 1 1 1.71982
711 -77.4336 1 2 50.7864
1649 -76.1943 3 2 2.65668
1810 -77.9792 2 3 47.5863
1971 -78.508 1 3 109.221
2132 -77.1948 1 1 1.71125
711 -77.4336 1 2 50.5897
1649 -76.1943 3 2 2.67367
1810 -77.9792 2 3 47.5446
1971 -78.508 1 3 109.681
2132 -77.1948 1 1 1.74767
711 -77.4336 1 2 50.371
1649 -76.1943 3 2 2.66558
1810 -77.9792 2 3 47.4178
1971 -78.508 1 3 109.524
2132 -77.1948 1 1 1.74258
711 -77.4336 1 2 50.3921
1649 -76.1943 3 2 2.68266
1810 -77.9792 2 3 47.4303
1971 -78.508 1 3 109.245
2132 -77.1948 1 1 1.74466
711 -77.4336 1 2 50.1796
1649 -76.1943 3 2 2.6713
1810 -77.9792 2 3 47.2608
1971 -78.508 1 3 108.996
2132 -77.1948 1 1 1.74019
711 -77.4336 1 2 50.1161
1649 -76.1943 3 2 2.6627
1810 -77.9792 2 3 47.3014
1971 -78.508 1 3 109.299
2132 -77.1948 1 1 1.73268
711 -77.4336 1 2 49.9418
1649 -76.1943 3 2 2.65288
1810 -77.9792 2 3 47.1735
1971 -78.508 1 3 108.901
2132 -77.1948 1 1 1.72839
711 -77.4336 1 2 49.9997
1649 -76.1943 3 2 2.68759
1810 -77.9792 2 3 47.2318
1971 -78.508 1 3 108.825
2132 -77.1948 1 1 1.72101
711 -77.4336 1 2 50.4138
1649 -76.1943 3 2 2.67755
1810 -77.9792 2 3 46.988
1971 -78.508 1 3 108.391
2132 -77.1948 1 1 1.71541
711 -77.4336 1 2 50.4783
1649 -76.1943 3 2 2.67274
1810 -77.9792 2 3 46.9574
1971 -78.508 1 3 108.17
2132 -77.1948 1 1 1.71015
711 -77.4336 1 2 50.3027
1649 -76.1943 3 2 2.66051
1810 -77.9792 2 3 46.8283
1971 -78.508 1 3 107.832
2132 -77.1948 1 1 1.70554
711 -77.4336 0 2 50.1418
1649 -76.1943 2 2 2.67036
1810 -77.9792 1 3 46.9564
1971 -78.508 1 3 108.628
2132 -77.1948 0 1 1.70785
711 -77.4336 1 2 50.1133
1649 -76.1943 3 2 2.65825
1810 -77.9792 2 3 46.8167
1971 -78.508 1 3 108.745
2132 -77.1948 1 1 1.70199
711 -77.4336 1 2 49.9573
1649 -76.1943 2 2 2.66006
1810 -77.9792 2 3 46.748
1971 -78.508 1 3 109.121
2132 -77.1948 1 1 1.69632
711 -77.4336 1 2 50.003
1649 -76.1943 3 2 2.65069
1810 -77.9792 2 3 46.597
1971 -78.508 1 3 109.324
2132 -77.1948 1 1 1.69153
711 -77.4336 1 2 49.8164
1649 -76.1943 3 2 2.64956
1810 -77.9792 2 3 47.6031
1971 -78.508 1 3 109.136
2132 -77.1948 1 1 1.70257
711 -77.4336 1 2 49.6231
1649 -76.1943 3 2 2.64218
1810 -77.9792 2 3 47.5347
1971 -78.508 1 3 108.708
2132 -77.1948 1 1 1.6967
711 -77.4336 1 2 50.4646
1649 -76.1943 3 2 2.64832
1810 -77.9792 2 3 47.5883
1971 -78.508 1 3 108.347
2132 -77.1948 1 1 1.69329
711 -77.4336 1 2 50.3279
1649 -76.1943 3 2 2.64297
1810 -77.9792 2 3 47.4344
1971 -78.508 1 3 108.003
2132 -77.1948 1 1 1.68674
711 -77.4336 1 2 50.3375
1649 -76.1943 3 2 2.65615
1810 -77.9792 2 3 47.5003
1971 -78.508 1 3 108.111
2132 -77.1948 1 1 1.70512
711 -77.4336 1 2 50.4867
1649 -76.1943 3 2 2.64955
1810 -77.9792 2 3 47.4213
1971 -78.508 1 3 108.185
2132 -77.1948 1 1 1.69774
711 -77.4336 1 2 50.6825
1649 -76.1943 3 2 2.66168
1810 -77.9792 1 3 47.4243
1971 -78.508 1 3 107.84
2132 -77.1948 1 1 1.69438
711 -77.4336 1 2 51.1893
1649 -76.1943 3 2 2.65342
1810 -77.9792 2 3 47.3561
1971 -78.508 1 3 107.515
2132 -77.1948 1 1 1.68761
711 -77.4336 1 2 51.5068
1649 -76.1943 3 2 2.65666
1810 -77.9792 2 3 47.377
1971 -78.508 1 3 107.544
2132 -77.1948 1 1 1.68398
711 -77.4336 1 2 51.3622
1649 -76.1943 3 2 2.64471
1810 -77.9792 2 3 47.2291
1971 -78.508 1 3 108.074
2132 -77.1948 1 1 1.67631
711 -77.4336 1 2 51.4007
1649 -76.1943 2 2 2.64559
1810 -77.9792 2 3 47.2155
1971 -78.508 1 3 108.293
2132 -77.1948 1 1 1.67257
711 -77.4336 1 2 51.7703
1649 -76.1943 3 2 2.63907
1810 -77.9792 2 3 47.1415
1971 -78.508 1 3 108.033
2132 -77.1948 1 1 1.66612
711 -77.4336 1 2 52.0154
1649 -76.1943 3 2 2.62747
1810 -77.9792 2 3 47.1377
1971 -78.508 1 3 107.905
2132 -77.1948 1 1 1.66048
711 -77.4336 1 2 51.847
1649 -76.1943 3 2 2.62445
1810 -77.9792 2 3 46.9892
1971 -78.508 1 3 107.988
2132 -77.1948 1 1 1.65902
711 -77.4336 0 2 51.7539
1649 -76.1943 3 2 2.63511
1810 -77.9792 1 3 47.4568
1971 -78.508 1 3 107.772
2132 -77.1948 0 1 1.65188
711 -77.4336 1 2 51.6525
1649 -76.1943 2 2 2.62949
1810 -77.9792 2 3 47.9007
1971 -78.508 0 3 108.035
2132 -77.1948 1 1 1.6483
711 -77.4336 1 2 51.6223
1649 -76.1943 3 2 2.63624
1810 -77.9792 2 3 47.7869
1971 -78.508 1 3 108.731
2132 -77.1948 1 1 1.65053
711 -77.4336 1 2 51.5142
1649 -76.1943 3 2 2.62556
1810 -77.9792 2 3 47.6224
1971 -78.508 1 3 108.397
2132 -77.1948 1 1 1.64286
711 -77.4336 1 2 51.6902
1649 -76.1943 3 2 2.63683
1810 -77.9792 2 3 47.6978
1971 -78.508 1 3 108.234
2132 -77.1948 1 1 1.64681
711 -77.4336 1 2 51.6118
1649 -76.1943 3 2 2.62786
1810 -77.9792 2 3 48.3296
1971 -78.508 1 3 107.909
2132 -77.1948 1 1 1.64234
711 -77.4336 1 2 51.5904
1649 -76.1943 3 2 2.63188
1810 -77.9792 2 3 48.333
1971 -78.508 1 3 108.373
2132 -77.1948 1 1 1.63603
711 -77.4336 1 2 51.4645
1649 -76.1943 3 2 2.62848
1810 -77.9792 2 3 48.4277
1971 -78.508 1 3 108.644
2132 -77.1948 1 1 1.63067
711 -77.4336 1 2 51.4681
1649 -76.1943 3 2 2.63348
1810 -77.9792 2 3 48.4157
1971 -78.508 1 3 108.37
2132 -77.1948 1 1 1.62633
711 -77.4336 1 2 51.2724
1649 -76.1943 3 2 2.62474
1810 -77.9792 2 3 48.3184
1971 -78.508 1 3 108.183
2132 -77.1948 1 1 1.622
711 -77.4336 1 2 51.2116
1649 -76.1943 3 2 2.61739
1810 -77.9792 2 3 48.3434
1971 -78.508 1 3 108.081
2132 -77.1948 1 1 1.62412
711 -77.4336 1 2 51.1083
1649 -76.1943 3 2 2.60755
1810 -77.9792 2 3 48.239
1971 -78.508 1 3 107.681
2132 -77.1948 1 1 1.61946
711 -77.4336 0 2 50.9401
1649 -76.1943 3 2 2.60823
1810 -77.9792 1 3 48.1386
1971 -78.508 1 3 108.211
2132 -77.1948 0 1 1.61387
711 -77.4336 1 2 50.8218
1649 -76.1943 3 2 2.60124
1810 -77.9792 2 3 47.9325
1971 -78.508 1 3 109.366
2132 -77.1948 1 1 1.60996
711 -77.4336 1 2 50.787
1649 -76.1943 3 2 2.6038
1810 -77.9792 2 3 47.83
1971 -78.508 1 3 109.238
2132 -77.1948 1 1 1.65649
711 -77.4336 1 2 50.686
1649 -76.1943 3 2 2.59219
1810 -77.9792 2 3 47.6866
1971 -78.508 1 3 109
2132 -77.1948 1 1 1.65124
711 -77.4336 1 2 50.4805
1649 -76.1943 3 2 2.61431
1810 -77.9792 2 3 47.8045
1971 -78.508 1 3 109.139
2132 -77.1948 1 1 1.64668
711 -77.4336 1 2 50.3454
1649 -76.1943 3 2 2.60963
1810 -77.9792 2 3 47.6913
1971 -78.508 1 3 108.714
2132 -77.1948 1 1 1.64368
711 -77.4336 1 2 50.465
1649 -76.1943 3 2 2.60529
1810 -77.9792 2 3 47.5742
1971 -78.508 1 3 109.183
2132 -77.1948 1 1 1.64406
711 -77.4336 1 2 50.5635
1649 -76.1943 3 2 2.59809
1810 -77.9792 2 3 47.4786
1971 -78.508 1 3 108.887
2132 -77.1948 1 1 1.63977
711 -77.4336 1 2 50.5613
1649 -76.1943 3 2 2.59458
1810 -77.9792 2 3 47.3634
1971 -78.508 1 3 108.87
2132 -77.1948 1 1 1.66616
711 -77.4336 1 2 50.3878
1649 -76.1943 3 2 2.58361
1810 -77.9792 2 3 47.1634
1971 -78.508 1 3 108.65
2132 -77.1948 1 1 1.65954
711 -77.4336 1 2 50.8881
1649 -76.1943 3 2 2.60074
1810 -77.9792 2 3 47.2936
1971 -78.508 1 3 108.545
2132 -77.1948 1 1 1.65378
711 -77.4336 1 2 50.8869
1649 -76.1943 3 2 2.59014
1810 -77.9792 2 3 47.1899
1971 -78.508 1 3 108.257
2132 -77.1948 1 1 1.65095
711 -77.4336 1 2 50.7957
1649 -76.1943 3 2 2.58963
1810 -77.9792 2 3 47.0683
1971 -78.508 1 3 107.887
2132 -77.1948 1 1 1.69599
711 -77.4336 1 2 50.629
1649 -76.1943 3 2 2.58693
1810 -77.9792 2 3 46.9611
1971 -78.508 1 3 107.662
2132 -77.1948 1 1 1.69184
711 -77.4336 1 2 50.5208
1649 -76.1943 3 2 2.5846
1810 -77.9792 2 3 47.0785
1971 -78.508 1 3 107.895
2132 -77.1948 1 1 1.68766
711 -77.4336 1 2 50.3875
1649 -76.1943 3 2 2.57669
1810 -77.9792 2 3 47.0425
1971 -78.508 1 3 107.635
2132 -77.1948 1 1 1.68027
711 -77.4336 1 2 50.281
1649 -76.1943 3 2 2.57441
1810 -77.9792 2 3 47.2387
1971 -78.508 1 3 107.713
2132 -77.1948 1 1 1.69761
711 -77.4336 1 2 50.3591
1649 -76.1943 3 2 2.57105
1810 -77.9792 2 3 47.7293
1971 -78.508 1 3 108.177
2132 -77.1948 1 1 1.69393
711 -77.4336 1 2 50.4326
1649 -76.1943 3 2 2.56386
1810 -77.9792 2 3 47.9142
1971 -78.508 1 3 108.125
2132 -77.1948 1 1 1.68853
711 -77.4336 1 2 50.3821
1649 -76.1943 3 2 2.5541
1810 -77.9792 2 3 47.8557
1971 -78.508 1 3 107.709
2132 -77.1948 1 1 1.68522
711 -77.4336 1 2 50.1873
1649 -76.1943 3 2 2.5532
1810 -77.9792 2 3 47.8599
1971 -78.508 1 3 108.254
2132 -77.1948 1 1 1.68742
711 -77.4336 1 2 50.253
1649 -76.1943 3 2 2.54628
1810 -77.9792 2 3 47.7242
1971 -78.508 1 3 108.601
2132 -77.1948 1 1 1.68123
711 -77.4336 1 2 50.5339
1649 -76.1943 2 2 2.55162
1810 -77.9792 2 3 47.7596
1971 -78.508 0 3 108.51
2132 -77.1948 1 1 1.67684
711 -77.4336 1 2 51.0532
1649 -76.1943 3 2 2.5445
1810 -77.9792 2 3 47.6071
1971 -78.508 1 3 108.727
2132 -77.1948 1 1 1.67097
711 -77.4336 1 2 50.9369
1649 -76.1943 3 2 2.53929
1810 -77.9792 2 3 47.8986
1971 -78.508 1 3 108.646
2132 -77.1948 1 1 1.66752
711 -77.4336 1 2 50.7833
1649 -76.1943 3 2 2.53216
1810 -77.9792 2 3 47.8671
1971 -78.508 1 3 108.571
2132 -77.1948 1 1 1.66356
711 -77.4336 1 2 50.8952
1649 -76.1943 3 2 2.53241
1810 -77.9792 2 3 48.136
1971 -78.508 1 3 108.349
2132 -77.1948 1 1 1.67781
711 -77.4336 1 2 50.8795
1649 -76.1943 3 2 2.52578
1810 -77.9792 2 3 47.97
1971 -78.508 1 3 107.991
2132 -77.1948 1 1 1.6736
711 -77.4336 1 2 50.8155
1649 -76.1943 3 2 2.51918
1810 -77.9792 2 3 48.0057
1971 -78.508 1 3 108.002
2132 -77.1948 1 1 1.66882
711 -77.4336 1 2 50.6635
1649 -76.1943 3 2 2.51226
1810 -77.9792 2 3 47.9118
1971 -78.508 1 3 107.653
2132 -77.1948 1 1 1.66486
711 -77.4336 1 2 50.6148
1649 -76.1943 3 2 2.50276
1810 -77.9792 2 3 47.8501
1971 -78.508 1 3 108.055
2132 -77.1948 1 1 1.66719
711 -77.4336 1 2 50.5172
1649 -76.1943 3 2 2.50051
1810 -77.9792 2 3 48.3985
1971 -78.508 1 3 108.196
2132 -77.1948 1 1 1.66151
711 -77.4336 1 2 50.7135
1649 -76.1943 3 2 2.49708
1810 -77.9792 2 3 48.454
1971 -78.508 1 3 108.18
2132 -77.1948 1 1 1.65899
711 -77.4336 1 2 50.5337
1649 -76.1943 3 2 2.492
1810 -77.9792 2 3 48.8539
1971 -78.508 1 3 108.109
2132 -77.1948 1 1 1.65494
711 -77.4336 1 2 50.5137
1649 -76.1943 3 2 2.48947
1810 -77.9792 2 3 48.8313
1971 -78.508 1 3 108.409
2132 -77.1948 1 1 1.64982
711 -77.4336 1 2 50.3573
1649 -76.1943 3 2 2.48478
1810 -77.9792 2 3 48.6883
1971 -78.508 1 3 108.155
2132 -77.1948 1 1 1.64551
711 -77.4336 1 2 50.2687
1649 -76.1943 3 2 2.48602
1810 -77.9792 2 3 48.7545
1971 -78.508 1 3 108.697
2132 -77.1948 1 1 1.6402
711 -77.4336 1 2 50.1082
1649 -76.1943 3 2 2.47751
1810 -77.9792 2 3 48.8745
1971 -78.508 1 3 108.503
2132 -77.1948 1 1 1.63522
711 -77.4336 1 2 50.05
1649 -76.1943 3 2 2.4774
1810 -77.9792 2 3 48.9655
1971 -78.508 1 3 108.89
2132 -77.1948 1 1 1.63137
711 -77.4336 1 2 49.8912
1649 -76.1943 3 2 2.47
1810 -77.9792 2 3 48.8129
1971 -78.508 1 3 108.777
2132 -77.1948 1 1 1.62827
711 -77.4336 1 2 50.0771
1649 -76.1943 3 2 2.48547
1810 -77.9792 2 3 48.9701
1971 -78.508 1 3 109.123
2132 -77.1948 1 1 1.62303
711 -77.4336 1 2 50.2264
1649 -76.1943 3 2 2.47584
1810 -77.9792 2 3 48.9439
1971 -78.508 1 3 108.796
2132 -77.1948 1 1 1.61795
711 -77.4336 1 2 50.2671
1649 -76.1943 3 2 2.48271
1810 -77.9792 2 3 48.9449
1971 -78.508 1 3 108.895
2132 -77.1948 1 1 1.6207
711 -77.4336 1 2 50.1331
1649 -76.1943 3 2 2.4776
1810 -77.9792 2 3 48.7807
1971 -78.508 1 3 108.622
2132 -77.1948 1 1 1.61616
711 -77.4336 0 2 50.1656
1649 -76.1943 2 2 2.48373
1810 -77.9792 0 3 48.8324
1971 -78.508 1 3 108.572
2132 -77.1948 0 1 1.62626
711 -77.4336 1 2 50.8671
1649 -76.1943 3 2 2.47631
1810 -77.9792 2 3 48.6827
1971 -78.508 1 3 108.41
2132 -77.1948 1 1 1.62122
711 -77.4336 1 2 50.9032
1649 -76.1943 2 2 2.48441
1810 -77.9792 2 3 48.9129
1971 -78.508 1 3 108.271
2132 -77.1948 1 1 1.66192
711 -77.4336 1 2 50.8084
1649 -76.1943 3 2 2.47853
1810 -77.9792 2 3 49.2266
1971 -78.508 1 3 108.007
2132 -77.1948 1 1 1.65801
711 -77.4336 1 2 50.7599
1649 -76.1943 3 2 2.47652
1810 -77.9792 2 3 49.2017
1971 -78.508 1 3 108.272
2132 -77.1948 1 1 1.65376
711 -77.4336 1 2 50.9339
1649 -76.1943 3 2 2.46988
1810 -77.9792 2 3 49.1384
1971 -78.508 1 3 108.359
2132 -77.1948 1 1 1.65061
711 -77.4336 0 2 51.4458
1649 -76.1943 3 2 2.47843
1810 -77.9792 1 3 48.9677
1971 -78.508 1 3 108.337
2132 -77.1948 0 1 1.66502
711 -77.4336 1 2 51.8753
1649 -76.1943 3 2 2.47254
1810 -77.9792 2 3 48.8247
1971 -78.508 1 3 108.029
2132 -77.1948 1 1 1.6601
711 -77.4336 1 2 51.7368
1649 -76.1943 3 2 2.4717
1810 -77.9792 2 3 48.9043
1971 -78.508 1 3 107.963
2132 -77.1948 1 1 1.65536
711 -77.4336 1 2 51.6147
1649 -76.1943 3 2 2.46712
1810 -77.9792 2 3 48.7414
1971 -78.508 1 3 107.723
2132 -77.1948 1 1 1.65263
711 -77.4336 1 2 51.6205
1649 -76.1943 3 2 2.47084
1810 -77.9792 2 3 48.6731
1971 -78.508 1 3 107.697
2132 -77.1948 1 1 1.64811
711 -77.4336 1 2 51.4703
1649 -76.1943 3 2 2.46632
1810 -77.9792 2 3 48.5567
1971 -78.508 1 3 107.32
2132 -77.1948 1 1 1.64413
711 -77.4336 1 2 51.3808
1649 -76.1943 3 2 2.46704
1810 -77.9792 2 3 48.411
1971 -78.508 1 3 107.659
2132 -77.1948 1 1 1.64506
711 -77.4336 1 2 51.2491
1649 -76.1943 3 2 2.46206
1810 -77.9792 2 3 48.3582
1971 -78.508 1 3 107.56
2132 -77.1948 1 1 1.64155
711 -77.4336 1 2 51.1584
1649 -76.1943 3 2 2.45193
1810 -77.9792 2 3 48.3882
1971 -78.508 1 3 107.757
2132 -77.1948 1 1 1.63654
711 -77.4336 1 2 51.0458
1649 -76.1943 3 2 2.44709
1810 -77.9792 2 3 48.5815
1971 -78.508 1 3 107.611
2132 -77.1948 1 1 1.63332
711 -77.4336 1 2 51.0016
1649 -76.1943 3 2 2.44889
1810 -77.9792 2 3 48.4876
1971 -78.508 1 3 108.126
2132 -77.1948 1 1 1.6288
711 -77.4336 1 2 51.489
1649 -76.1943 3 2 2.44012
1810 -77.9792 2 3 48.3296
1971 -78.508 1 3 108.206
2132 -77.1948 1 1 1.62434
711 -77.4336 1 2 51.6466
1649 -76.1943 3 2 2.4415
1810 -77.9792 2 3 48.1994
1971 -78.508 1 3 107.962
2132 -77.1948 1 1 1.63452
711 -77.4336 1 2 51.5069
1649 -76.1943 3 2 2.43369
1810 -77.9792 2 3 48.0886
1971 -78.508 1 3 107.725
2132 -77.1948 1 1 1.62958
711 -77.4336 1 2 51.4647
1649 -76.1943 3 2 2.48463
1810 -77.9792 2 3 48.0063
1971 -78.508 1 3 107.894
2132 -77.1948 1 1 1.64509
711 -77.4336 1 2 51.3031
1649 -76.1943 3 2 2.47774
1810 -77.9792 2 3 47.9066
1971 -78.508 1 3 107.757
2132 -77.1948 1 1 1.63962
711 -77.4336 1 2 51.4339
1649 -76.1943 3 2 2.53392
1810 -77.9792 2 3 47.8046
1971 -78.508 1 3 107.705
2132 -77.1948 1 1 1.63628
711 -77.4336 1 2 51.2615
1649 -76.1943 3 2 2.53141
1810 -77.9792 2 3 47.7128
1971 -78.508 1 3 107.433
2132 -77.1948 1 1 1.63341
711 -77.4336 0 2 51.1659
1649 -76.1943 2 2 2.55919
1810 -77.9792 1 3 47.6577
1971 -78.508 1 3 107.877
2132 -77.1948 0 1 1.63321
711 -77.4336 1 2 51.2216
1649 -76.1943 3 2 2.5561
1810 -77.9792 2 3 47.5409
1971 -78.508 1 3 108.621
2132 -77.1948 1 1 1.6311
711 -77.4336 1 2 51.0784
1649 -76.1943 3 2 2.55927
1810 -77.9792 2 3 47.6194
1971 -78.508 1 3 108.546
2132 -77.1948 1 1 1.63142
711 -77.4336 1 2 50.9517
1649 -76.1943 3 2 2.55396
1810 -77.9792 2 3 48.7371
1971 -78.508 1 3 108.256
2132 -77.1948 1 1 1.62719
711 -77.4336 1 2 50.8965
1649 -76.1943 3 2 2.55958
1810 -77.9792 2 3 48.6277
1971 -78.508 1 3 108.874
2132 -77.1948 1 1 1.62446
711 -77.4336 1 2 50.8467
1649 -76.1943 3 2 2.55168
1810 -77.9792 2 3 48.7704
1971 -78.508 1 3 109.191
2132 -77.1948 1 1 1.62117
711 -77.4336 1 2 50.914
1649 -76.1943 3 2 2.55388
1810 -77.9792 2 3 48.7726
1971 -78.508 1 3 109.081
2132 -77.1948 1 1 1.628
711 -77.4336 1 2 50.9535
1649 -76.1943 3 2 2.54937
1810 -77.9792 2 3 48.6212
1971 -78.508 1 3 108.845
2132 -77.1948 1 1 1.62594
711 -77.4336 1 2 51.0017
1649 -76.1943 3 2 2.53937
1810 -77.9792 2 3 48.4879
1971 -78.508 1 3 108.834
2132 -77.1948 1 1 1.62019
711 -77.4336 1 2 50.8743
1649 -76.1943 3 2 2.53519
1810 -77.9792 2 3 48.4132
1971 -78.508 1 3 108.591
2132 -77.1948 1 1 1.61734
711 -77.4336 1 2 50.8632
1649 -76.1943 3 2 2.53379
1810 -77.9792 2 3 48.3178
1971 -78.508 1 3 108.837
2132 -77.1948 1 1 1.63212
711 -77.4336 1 2 51.0174
1649 -76.1943 3 2 2.52663
1810 -77.9792 2 3 48.253
1971 -78.508 1 3 108.615
2132 -77.1948 1 1 1.62678
711 -77.4336 0 2 51.0716
1649 -76.1943 1 2 2.52872
1810 -77.9792 1 3 48.117
1971 -78.508 0 3 108.81
2132 -77.1948 0 1 1.62865
711 -77.4336 1 2 51.5445
1649 -76.1943 3 2 2.52149
1810 -77.9792 2 3 47.9902
1971 -78.508 1 3 108.767
2132 -77.1948 1 1 1.62421
711 -77.4336 1 2 51.5674
1649 -76.1943 3 2 2.5405
1810 -77.9792 1 3 48.0378
1971 -78.508 1 3 109.091
2132 -77.1948 1 1 1.62069
711 -77.4336 1 2 51.6796
1649 -76.1943 3 2 2.53501
1810 -77.9792 2 3 47.9904
1971 -78.508 1 3 108.859
2132 -77.1948 1 1 1.61844
711 -77.4336 1 2 51.6229
1649 -76.1943 3 2 2.52839
1810 -77.9792 2 3 47.8688
1971 -78.508 1 3 108.7
2132 -77.1948 1 1 1.67954
711 -77.4336 1 2 51.5044
1649 -76.1943 3 2 2.52213
1810 -77.9792 2 3 47.7625
1971 -78.508 1 3 108.578
2132 -77.1948 1 1 1.67478
711 -77.4336 1 2 51.4126
1649 -76.1943 3 2 2.52311
1810 -77.9792 2 3 47.8613
1971 -78.508 1 3 108.71
2132 -77.1948 1 1 1.67779
711 -77.4336 1 2 51.8214
1649 -76.1943 3 2 2.51465
1810 -77.9792 2 3 47.7943
1971 -78.508 1 3 108.491
2132 -77.1948 1 1 1.67377
711 -77.4336 1 2 51.8493
1649 -76.1943 3 2 2.56564
1810 -77.9792 2 3 47.6631
1971 -78.508 1 3 108.549
2132 -77.1948 1 1 1.66985
711 -77.4336 1 2 51.7302
1649 -76.1943 3 2 2.55668
1810 -77.9792 2 3 47.5882
1971 -78.508 1 3 108.387
2132 -77.1948 1 1 1.66516
711 -77.4336 1 2 51.6587
1649 -76.1943 3 2 2.56142
1810 -77.9792 2 3 47.4989
1971 -78.508 1 3 108.302
2132 -77.1948 1 1 1.66134
711 -77.4336 1 2 51.5079
1649 -76.1943 3 2 2.55764
1810 -77.9792 2 3 47.4061
1971 -78.508 1 3 108.076
2132 -77.1948 1 1 1.65681
711 -77.4336 1 2 51.4245
1649 -76.1943 3 2 2.56147
1810 -77.9792 2 3 47.856
1971 -78.508 1 3 107.883
2132 -77.1948 1 1 1.65311
711 -77.4336 1 2 51.2955
1649 -76.1943 3 2 2.55535
1810 -77.9792 2 3 47.8541
1971 -78.508 1 3 107.733
2132 -77.1948 1 1 1.64882
711 -77.4336 1 2 51.2512
1649 -76.1943 3 2 2.62661
1810 -77.9792 2 3 47.8576
1971 -78.508 1 3 107.768
2132 -77.1948 1 1 1.64534
711 -77.4336 1 2 51.1388
1649 -76.1943 3 2 2.61895
1810 -77.9792 2 3 47.829
1971 -78.508 1 3 107.586
2132 -77.1948 1 1 1.64321
711 -77.4336 1 2 51.3204
1649 -76.1943 2 2 2.62136
1810 -77.9792 2 3 47.8907
1971 -78.508 1 3 107.541
2132 -77.1948 1 1 1.64429
711 -77.4336 1 2 51.5811
1649 -76.1943 3 2 2.617
1810 -77.9792 2 3 48.0169
1971 -78.508 1 3 107.364
2132 -77.1948 1 1 1.63947
711 -77.4336 0 2 51.5974
1649 -76.1943 3 2 2.62651
1810 -77.9792 1 3 48.2515
1971 -78.508 1 3 107.244
2132 -77.1948 0 1 1.64174
711 -77.4336 1 2 51.5404
1649 -76.1943 3 2 2.61911
1810 -77.9792 2 3 48.3752
1971 -78.508 1 3 107.208
2132 -77.1948 1 1 1.63875
711 -77.4336 0 2 51.4766
1649 -76.1943 2 2 2.61213
1810 -77.9792 1 3 48.3394
1971 -78.508 1 3 107.72
2132 -77.1948 0 1 1.64021
711 -77.4336 1 2 51.5957
1649 -76.1943 3 2 2.60681
1810 -77.9792 2 3 48.4196
1971 -78.508 1 3 107.663
2132 -77.1948 1 1 1.63616
711 -77.4336 1 2 51.5424
1649 -76.1943 2 2 2.61784
1810 -77.9792 2 3 48.8097
1971 -78.508 0 3 107.573
2132 -77.1948 1 1 1.63965
711 -77.4336 1 2 52.0439
1649 -76.1943 3 2 2.6116
1810 -77.9792 2 3 48.7127
1971 -78.508 1 3 107.391
2132 -77.1948 1 1 1.63486
711 -77.4336 1 2 51.9534
1649 -76.1943 3 2 2.61704
1810 -77.9792 2 3 48.6804
1971 -78.508 1 3 107.535
2132 -77.1948 1 1 1.63182
711 -77.4336 1 2 52.54
1649 -76.1943 3 2 2.61288
1810 -77.9792 2 3 48.8982
1971 -78.508 1 3 107.282
2132 -77.1948 1 1 1.62684
711 -77.4336 1 2 52.8157
1649 -76.1943 3 2 2.60707
1810 -77.9792 2 3 48.7941
1971 -78.508 1 3 107.501
2132 -77.1948 1 1 1.63058
711 -77.4336 1 2 52.7645
1649 -76.1943 3 2 2.59999
1810 -77.9792 2 3 48.6803
1971 -78.508 1 3 107.3
2132 -77.1948 1 1 1.62587
711 -77.4336 1 2 52.9242
1649 -76.1943 3 2 2.59555
1810 -77.9792 2 3 48.6712
1971 -78.508 1 3 107.245
2132 -77.1948 1 1 1.63315
711 -77.4336 1 2 52.8298
1649 -76.1943 3 2 2.58705
1810 -77.9792 2 3 48.5374
1971 -78.508 1 3 106.969
2132 -77.1948 1 1 1.63128
711 -77.4336 1 2 52.8255
1649 -76.1943 3 2 2.63958
1810 -77.9792 2 3 48.4657
1971 -78.508 1 3 107.144
2132 -77.1948 1 1 1.62734
711 -77.4336 1 2 53.185
1649 -76.1943 3 2 2.63231
1810 -77.9792 2 3 48.332
1971 -78.508 1 3 106.889
2132 -77.1948 1 1 1.62337
711 -77.4336 1 2 53.3092
1649 -76.1943 3 2 2.62606
1810 -77.9792 2 3 48.494
1971 -78.508 1 3 106.647
2132 -77.1948 1 1 1.61852
711 -77.4336 1 2 53.1803
1649 -76.1943 3 2 2.61999
1810 -77.9792 2 3 48.402
1971 -78.508 1 3 106.404
2132 -77.1948 1 1 1.61514
711 -77.4336 1 2 53.137
1649 -76.1943 3 2 2.63717
1810 -77.9792 2 3 48.7194
1971 -78.508 1 3 106.343
2132 -77.1948 1 1 1.61077
711 -77.4336 1 2 53.0018
1649 -76.1943 3 2 2.63106
1810 -77.9792 2 3 48.5854
1971 -78.508 1 3 106.091
2132 -77.1948 1 1 1.6095
711 -77.4336 1 2 53.0047
1649 -76.1943 2 2 2.6434
1810 -77.9792 2 3 48.9478
1971 -78.508 1 3 105.893
2132 -77.1948 1 1 1.60382
711 -77.4336 1 2 52.8641
1649 -76.1943 3 2 2.63778
1810 -77.9792 2 3 49.1246
1971 -78.508 1 3 105.826
2132 -77.1948 1 1 1.60057
711 -77.4336 1 2 52.8275
1649 -76.1943 3 2 2.64696
1810 -77.9792 2 3 49.1455
1971 -78.508 1 3 105.814
2132 -77.1948 1 1 1.60805
711 -77.4336 1 2 52.7083
1649 -76.1943 3 2 2.64292
1810 -77.9792 2 3 49.0645
1971 -78.508 1 3 105.653
2132 -77.1948 1 1 1.60418
711 -77.4336 1 2 52.6265
1649 -76.1943 3 2 2.64263
1810 -77.9792 2 3 49.2796
1971 -78.508 1 3 105.489
2132 -77.1948 1 1 1.60165
711 -77.4336 1 2 52.5345
1649 -76.1943 3 2 2.63834
1810 -77.9792 2 3 49.22
1971 -78.508 1 3 105.315
2132 -77.1948 1 1 1.59693
711 -77.4336 1 2 52.5165
1649 -76.1943 2 2 2.64535
1810 -77.9792 2 3 49.104
1971 -78.508 0 3 105.703
2132 -77.1948 1 1 1.5935
711 -77.4336 1 2 52.3376
1649 -76.1943 3 2 2.64141
1810 -77.9792 2 3 48.9903
1971 -78.508 1 3 106
2132 -77.1948 1 1 1.59173
711 -77.4336 1 2 52.4399
1649 -76.1943 3 2 2.64047
1810 -77.9792 2 3 48.8557
1971 -78.508 1 3 106.318
2132 -77.1948 1 1 1.58795
711 -77.4336 1 2 52.3304
1649 -76.1943 3 2 2.63348
1810 -77.9792 2 3 48.7421
1971 -78.508 1 3 106.025
2132 -77.1948 1 1 1.58375
711 -77.4336 1 2 52.306
1649 -76.1943 3 2 2.64587
1810 -77.9792 2 3 48.6856
1971 -78.508 1 3 105.883
2132 -77.1948 1 1 1.61882
711 -77.4336 1 2 52.1799
1649 -76.1943 3 2 2.63862
1810 -77.9792 2 3 48.6
1971 -78.508 1 3 105.731
2132 -77.1948 1 1 1.61414
711 -77.4336 1 2 52.1902
1649 -76.1943 3 2 2.64887
1810 -77.9792 2 3 48.7501
1971 -78.508 1 3 105.865
2132 -77.1948 1 1 1.61162
711 -77.4336 1 2 52.0977
1649 -76.1943 3 2 2.64351
1810 -77.9792 2 3 49.0076
1971 -78.508 1 3 105.793
2132 -77.1948 1 1 1.60782
711 -77.4336 1 2 52.2559
1649 -76.1943 3 2 2.70749
1810 -77.9792 2 3 49.0055
1971 -78.508 1 3 105.65
2132 -77.1948 1 1 1.60985
711 -77.4336 1 2 52.1695
1649 -76.1943 3 2 2.70138
1810 -77.9792 2 3 48.9001
1971 -78.508 1 3 105.38
2132 -77.1948 1 1 1.60583
711 -77.4336 1 2 52.2718
1649 -76.1943 3 2 2.71356
1810 -77.9792 2 3 48.86
1971 -78.508 1 3 105.617
2132 -77.1948 1 1 1.60277
711 -77.4336 1 2 52.2251
1649 -76.1943 3 2 2.70721
1810 -77.9792 2 3 48.8781
1971 -78.508 1 3 105.346
2132 -77.1948 1 1 1.59889
711 -77.4336 1 2 52.205
1649 -76.1943 2 2 2.70871
1810 -77.9792 2 3 48.8518
1971 -78.508 1 3 105.59
2132 -77.1948 1 1 1.59563
711 -77.4336 1 2 52.1732
1649 -76.1943 3 2 2.70161
1810 -77.9792 2 3 48.7512
1971 -78.508 1 3 105.664
2132 -77.1948 1 1 1.59254
711 -77.4336 1 2 52.042
1649 -76.1943 3 2 2.70496
1810 -77.9792 2 3 48.6737
1971 -78.508 1 3 105.669
2132 -77.1948 1 1 1.58881
711 -77.4336 1 2 51.9093
1649 -76.1943 3 2 2.7001
1810 -77.9792 2 3 48.5749
1971 -78.508 1 3 105.541
2132 -77.1948 1 1 1.58718
711 -77.4336 1 2 51.8519
1649 -76.1943 3 2 2.6998
1810 -77.9792 2 3 48.7546
1971 -78.508 1 3 105.324
2132 -77.1948 1 1 1.59453
711 -77.4336 1 2 51.7895
1649 -76.1943 3 2 2.69317
1810 -77.9792 2 3 48.6754
1971 -78.508 1 3 105.137
2132 -77.1948 1 1 1.59069
711 -77.4336 1 2 51.6925
1649 -76.1943 3 2 2.68741
1810 -77.9792 1 3 48.5746
1971 -78.508 1 3 105.614
2132 -77.1948 1 1 1.607
711 -77.4336 1 2 51.8419
1649 -76.1943 3 2 2.68295
1810 -77.9792 2 3 48.5659
1971 -78.508 1 3 105.379
2132 -77.1948 1 1 1.60375
711 -77.4336 1 2 51.727
1649 -76.1943 3 2 2.67592
1810 -77.9792 2 3 48.5635
1971 -78.508 1 3 105.512
2132 -77.1948 1 1 1.61111
711 -77.4336 1 2 51.8881
1649 -76.1943 3 2 2.67038
1810 -77.9792 2 3 48.4362
1971 -78.508 1 3 105.6
2132 -77.1948 1 1 1.6073
711 -77.4336 1 2 51.9245
1649 -76.1943 3 2 2.66961
1810 -77.9792 2 3 48.5048
1971 -78.508 1 3 105.826
2132 -77.1948 1 1 1.60519
711 -77.4336 1 2 51.8123
1649 -76.1943 3 2 2.66563
1810 -77.9792 2 3 48.3979
1971 -78.508 1 3 105.656
2132 -77.1948 1 1 1.60054
