ID  RSSI  Neighbors  Sources  Throughput
711 0 2 -1 0
781 0 3 -1 0
851 -72.556 2 0 0
1649 -75.7997 3 0 0
1810 -74.0875 4 0 0
1971 -76.5574 3 0 0
2132 -73.3798 2 0 0
2293 -82.0243 3 1 0
2454 -79.1415 2 1 0
711 -78.893 2 1 0
781 -78.2666 3 1 0
851 -72.556 2 0 0
1649 -74.4613 3 1 0
1810 -76.1327 4 1 0
1971 -78.508 3 3 0
2132 -77.1948 2 1 0
2293 -79.413 3 3 0
2454 -79.1415 2 1 0
711 -78.893 2 1 10.0484
781 -78.2666 3 1 1.69648
851 -72.556 2 0 0
1649 -74.4613 3 1 0.907575
1810 -76.1327 4 1 10.8087
1971 -78.508 3 3 19.9152
2132 -77.1948 2 1 1.04822
2293 -79.413 3 3 0.86556
2454 -79.1415 2 1 0
711 -78.893 2 1 8.42532
781 -78.2666 3 1 1.46396
851 -72.556 2 0 0
1649 -74.4613 3 1 0.635975
1810 -76.1327 4 1 7.55958
1971 -78.508 3 3 12.5806
2132 -77.1948 2 1 0.647362
2293 -79.413 3 3 0.667379
2454 -79.1415 2 1 0
711 -78.893 2 1 20.4165
781 -78.2666 2 1 1.03543
1649 -74.4613 3 1 0.54664
1810 -76.1327 4 1 14.6107
1971 -78.508 2 3 33.5816
2132 -77.1948 2 1 0.542634
2293 -79.413 3 3 0.519201
2454 -79.1415 2 1 0.514095
711 -78.893 2 1 15.8814
781 -78.2666 2 1 0.841689
1649 -74.4613 3 1 0.46583
1810 -76.1327 4 1 12.9328
1971 -78.508 2 3 29.2175
2132 -77.1948 2 1 0.466675
2293 -79.413 3 3 0.433829
2454 -79.1415 2 1 0.437451
711 -78.893 2 1 18.1034
781 -78.2666 2 1 0.716339
1649 -74.4613 3 1 0.7162
1810 -76.1327 4 1 10.8683
1971 -78.508 2 3 27.9021
2132 -77.1948 2 1 0.368508
2293 -79.413 3 3 0.358889
2454 -79.1415 2 1 0.360069
711 -78.893 2 1 16.3632
781 -78.2666 2 1 0.63209
1649 -74.4613 3 1 0.656242
1810 -76.1327 4 1 9.17918
1971 -78.508 2 3 25.5738
2132 -77.1948 2 1 0.330252
2293 -79.413 3 3 0.330716
2454 -79.1415 2 1 0.344567
711 -78.893 2 1 16.9629
781 -78.2666 2 1 0.584553
1649 -74.4613 3 1 0.565808
1810 -76.1327 4 1 16.6952
1971 -78.508 2 3 26.373
2132 -77.1948 2 1 0.284009
2293 -79.413 3 3 0.286444
2454 -79.1415 2 1 0.278835
711 -78.893 2 1 15.8882
781 -78.2666 2 1 0.515599
1649 -74.4613 3 1 0.519465
1810 -76.1327 4 1 15.3869
1971 -78.508 2 3 24.159
2132 -77.1948 2 1 0.25104
2293 -79.413 3 3 0.253498
2454 -79.1415 2 1 0.253537
711 -78.893 2 1 13.9593
781 -78.2666 2 1 0.719158
1649 -74.4613 3 1 0.467787
1810 -76.1327 4 1 19.7629
1971 -79.4755 1 4 28.8816
2132 -77.1948 2 1 0.237355
2293 -79.413 2 3 0.229837
711 -78.893 2 1 13.0311
781 -78.2666 2 1 0.626169
1649 -74.4613 3 1 0.418948
1810 -76.1327 4 1 17.6796
1971 -79.4755 1 4 27.7695
2132 -77.1948 2 1 0.208762
2293 -79.413 2 3 0.208696
711 -78.893 2 1 12.6365
781 -78.2666 2 1 0.580803
1649 -74.4613 3 1 0.401364
1810 -76.1327 4 1 17.1172
1971 -79.4755 1 4 26.7502
2132 -77.1948 2 1 0.392334
2293 -79.413 2 3 0.199168
711 -78.893 2 1 11.44
781 -78.2666 2 1 0.541859
1649 -74.4613 3 1 0.363128
1810 -76.1327 4 1 15.5964
1971 -79.4755 1 4 24.6084
2132 -77.1948 2 1 0.36616
2293 -79.413 2 3 0.181882
711 -78.893 2 1 12.0037
781 -78.2666 2 1 0.511841
1649 -74.4613 3 1 0.345339
1810 -76.1327 4 1 17.5729
1971 -79.4755 1 4 23.6144
2132 -77.1948 2 1 0.335712
2293 -79.413 2 3 0.168467
711 -78.893 2 1 11.0364
781 -78.2666 2 1 0.481688
1649 -74.4613 3 1 0.323025
1810 -76.1327 4 1 16.9193
1971 -79.4755 1 4 22.8756
2132 -77.1948 2 1 0.316305
2293 -79.413 2 3 0.161464
711 -78.893 2 1 10.5269
781 -78.2666 2 1 0.4578
1649 -76.1943 3 2 0.298018
1810 -76.1327 3 1 17.147
1971 -79.1955 1 5 22.2843
2132 -77.1948 1 1 0.296813
711 -78.893 2 1 10.1706
781 -78.2666 2 1 0.417649
1649 -76.1943 3 2 0.27931
1810 -76.1327 3 1 16.3841
1971 -79.1955 1 5 20.9483
2132 -77.1948 1 1 0.278238
711 -78.893 2 1 9.71141
781 -78.2666 2 1 0.402216
1649 -76.1943 3 2 0.264397
1810 -76.1327 3 1 15.8768
1971 -79.1955 1 5 27.2178
2132 -77.1948 1 1 0.266465
711 -78.893 2 1 9.23766
781 -78.2666 2 1 0.379443
1649 -76.1943 3 2 0.252258
1810 -76.1327 3 1 14.8274
1971 -79.1955 1 5 25.9485
2132 -77.1948 1 1 0.253416
711 -78.893 2 1 8.74834
781 -78.2666 2 1 0.358791
1649 -76.1943 3 2 0.238666
1810 -76.1327 3 1 18.6617
1971 -79.1955 1 5 26.7906
2132 -77.1948 1 1 0.238759
711 -78.893 2 1 8.33281
781 -78.2666 2 1 0.345891
1649 -76.1943 3 2 0.232611
1810 -76.1327 3 1 17.4578
1971 -79.1955 1 5 25.8439
2132 -77.1948 1 1 0.227762
711 -78.893 1 1 8.56384
781 -78.2666 2 1 0.326548
1810 -76.1327 2 1 17.0944
1971 -79.1955 1 5 27.4082
2132 -78.4448 0 3 0.221409
711 -78.893 1 1 8.08402
781 -78.2666 2 1 0.313306
1810 -76.1327 2 1 16.3577
1971 -79.1955 1 5 26.5464
2132 -78.4448 0 3 0.209648
711 -78.893 1 1 9.93131
781 -78.2666 2 1 0.303528
1810 -76.1327 2 1 17.2251
1971 -79.1955 1 5 25.8443
2132 -78.4448 0 3 0.404442
711 -78.893 1 1 9.478
781 -78.2666 2 1 0.289341
1810 -76.1327 2 1 16.6452
1971 -79.1955 1 5 25.2132
2132 -78.4448 0 3 0.389196
711 -78.893 1 1 10.1061
781 -78.2666 2 1 0.285663
1810 -76.1327 2 1 18.5732
1971 -79.1955 1 5 29.6584
2132 -78.4448 0 3 0.37356
711 -78.893 1 1 9.76057
781 -78.2666 2 1 0.271378
1810 -76.1327 2 1 17.8399
1971 -79.1955 1 5 28.7783
2132 -78.4448 0 3 0.364651
711 -78.893 1 1 9.87021
781 -78.2666 2 1 0.261794
1810 -76.1327 2 1 18.2362
1971 -79.1955 1 5 30.4215
2132 -78.4448 0 3 0.349925
711 -78.893 1 1 9.44348
781 -78.2666 2 1 0.250854
1810 -76.1327 2 1 17.5366
1971 -79.1955 1 5 29.8006
2132 -78.4448 0 3 0.337629
711 -78.893 1 1 10.2644
781 -78.2666 2 1 0.244989
1810 -76.1327 2 1 17.9431
1971 -79.1955 1 5 31.1165
2132 -78.4448 0 3 0.406517
711 -78.893 1 1 9.96794
781 -78.2666 2 1 0.235959
1810 -76.1327 2 1 17.4816
1971 -79.1955 1 5 30.198
2132 -78.4448 0 3 0.393396
711 -78.893 1 1 10.7389
781 -78.2666 2 1 0.304634
1810 -76.1327 2 1 16.8754
1971 -79.1955 1 5 30.3378
2132 -78.4448 0 3 0.456113
711 -78.893 1 1 10.3974
781 -78.2666 2 1 0.295297
1810 -76.1327 2 1 16.3954
1971 -79.1955 1 5 29.6239
2132 -78.4448 0 3 0.445627
711 -78.893 1 1 10.5229
781 -78.2666 2 1 0.288359
1810 -76.1327 2 1 17.8477
1971 -79.1955 1 5 30.4758
2132 -78.4448 0 3 0.436615
711 -78.893 1 1 10.2548
781 -78.2666 2 1 0.279017
1810 -76.1327 2 1 17.3409
1971 -79.1955 1 5 29.4792
2132 -78.4448 0 3 0.419093
711 -78.893 1 1 10.0584
781 -78.2666 2 1 0.274345
1810 -76.1327 2 1 17.0061
1971 -79.1955 1 5 29.2443
2132 -78.4448 0 3 0.410434
711 -78.893 1 1 9.91137
781 -78.2666 2 1 0.263819
1810 -76.1327 2 1 16.7272
1971 -79.1955 1 5 28.5108
2132 -78.4448 0 3 0.397409
711 -78.893 1 1 9.78074
781 -78.2666 2 1 0.2595
1810 -76.1327 2 1 18.0875
1971 -79.1955 1 5 29.359
2132 -78.4448 0 3 0.391814
711 -78.893 1 1 9.46781
781 -78.2666 2 1 0.252244
1810 -76.1327 2 1 17.5261
1971 -79.1955 1 5 28.7806
2132 -78.4448 0 3 0.377989
711 -78.893 1 1 10.1075
781 -78.2666 2 1 0.245091
1810 -76.1327 2 1 17.202
1971 -79.1955 1 5 28.4789
2132 -78.4448 0 3 0.42866
711 -78.893 1 1 9.85549
781 -78.2666 2 1 0.240464
1810 -76.1327 2 1 16.8746
1971 -79.1955 1 5 27.7992
2132 -78.4448 0 3 0.418092
711 -78.893 1 1 9.65772
781 -78.2666 2 1 0.233432
1810 -76.1327 2 1 17.333
1971 -79.1955 1 5 28.9329
2132 -78.4448 0 3 0.410559
711 -78.893 1 1 9.44022
781 -78.2666 2 1 0.230925
1810 -76.1327 2 1 16.8852
1971 -79.1955 1 5 28.3277
2132 -78.4448 0 3 0.398328
711 -78.893 1 1 9.3659
781 -78.2666 2 1 0.223973
1810 -76.1327 2 1 17.0855
1971 -79.1955 1 5 30.1002
2132 -78.4448 0 3 0.3925
711 -78.893 1 1 9.1399
781 -78.2666 2 1 0.218826
1810 -76.1327 2 1 16.8754
1971 -79.1955 1 5 29.528
2132 -78.4448 0 3 0.38436
711 -78.893 1 1 11.1151
781 -78.2666 2 1 0.322835
1810 -76.1327 2 1 16.6387
1971 -79.1955 1 5 30.7393
2132 -78.4448 0 3 0.428895
711 -78.893 1 1 10.863
781 -78.2666 2 1 0.314226
1810 -76.1327 2 1 16.2722
1971 -79.1955 1 5 29.9871
2132 -78.4448 0 3 0.421659
711 -78.893 1 1 11.4621
781 -78.2666 2 1 0.360672
1810 -76.1327 2 1 16.9377
1971 -79.1955 1 5 30.1396
2132 -78.4448 0 3 0.414446
711 -78.893 1 1 11.2302
781 -78.2666 2 1 0.350821
1810 -76.1327 2 1 16.6235
1971 -79.1955 1 5 29.6678
2132 -78.4448 0 3 0.402875
711 -78.893 1 1 11.3329
781 -78.2666 2 1 0.345842
1810 -76.1327 2 1 16.5986
1971 -79.1955 1 5 30.6316
2132 -78.4448 0 3 0.392648
711 -78.893 1 1 11.0731
781 -78.2666 2 1 0.337601
1810 -76.1327 2 1 16.1949
1971 -79.1955 1 5 30.1003
2132 -78.4448 0 3 0.388106
711 -78.893 1 1 11.1054
781 -78.2666 2 1 0.334067
1810 -76.1327 2 1 16.3175
1971 -79.1955 1 5 30.3718
2132 -78.4448 0 3 0.378094
711 -78.893 1 1 10.9433
781 -78.2666 2 1 0.328106
1810 -76.1327 2 1 16.0511
1971 -79.1955 1 5 30.0089
2132 -78.4448 0 3 0.372255
711 -78.893 1 1 11.1493
781 -78.2666 2 1 0.319131
1810 -76.1327 2 1 16.5159
1971 -79.1955 1 5 30.212
2132 -78.4448 0 3 0.409625
711 -78.893 1 1 11.0064
781 -78.2666 2 1 0.314212
1810 -76.1327 2 1 16.1733
1971 -79.1955 1 5 29.3825
2132 -78.4448 0 3 0.404867
711 -78.893 1 1 11.0368
781 -78.2666 2 1 0.307947
1810 -76.1327 2 1 15.9143
1971 -79.1955 1 5 30.1958
2132 -78.4448 0 3 0.443488
711 -78.893 1 1 10.841
781 -78.2666 2 1 0.302192
1810 -76.1327 2 1 15.7294
1971 -79.1955 1 5 29.8709
2132 -78.4448 0 3 0.431927
711 -78.893 1 1 11.643
781 -78.2666 2 1 0.298871
1810 -76.1327 2 1 16.1049
1971 -79.1955 1 5 30.4857
2132 -78.4448 0 3 0.425654
711 -78.893 1 1 11.3717
781 -78.2666 2 1 0.292662
1810 -76.1327 2 1 15.9442
1971 -79.1955 1 5 30.0061
2132 -78.4448 0 3 0.420199
711 -78.893 1 1 12.2395
781 -78.2666 2 1 0.289259
1810 -76.1327 2 1 15.7366
1971 -79.1955 1 5 30.1523
2132 -78.4448 0 3 0.451803
711 -78.893 1 1 12.034
781 -78.2666 2 1 0.283903
1810 -76.1327 2 1 15.4252
1971 -79.1955 1 5 29.7181
2132 -78.4448 0 3 0.447199
711 -78.893 1 1 12.3619
781 -78.2666 2 1 0.27931
1810 -76.1327 2 1 15.3346
1971 -79.1955 1 5 30.4749
2132 -78.4448 0 3 0.479778
711 -78.893 1 1 12.1751
781 -78.2666 2 1 0.274592
1810 -76.1327 2 1 15.1527
1971 -79.1955 1 5 30.2166
2132 -78.4448 0 3 0.469872
711 -78.893 1 1 13.3767
781 -78.2666 2 1 0.309897
1810 -76.1327 2 1 14.9888
1971 -79.1955 1 5 30.2012
2132 -78.4448 0 3 0.462645
711 -78.893 1 1 13.1046
781 -78.2666 2 1 0.306367
1810 -76.1327 2 1 14.7797
1971 -79.1955 1 5 29.8089
2132 -78.4448 0 3 0.455347
711 -78.893 1 1 13.043
781 -78.2666 2 1 0.299809
1810 -76.1327 2 1 14.6802
1971 -79.1955 1 5 29.5149
2132 -78.4448 0 3 0.523186
711 -78.893 1 1 12.9069
781 -78.2666 2 1 0.296288
1810 -76.1327 2 1 14.367
1971 -79.1955 1 5 29.0858
2132 -78.4448 0 3 0.520067
711 -78.893 1 1 12.7189
781 -78.2666 2 1 0.326522
1810 -76.1327 2 1 14.2274
1971 -79.1955 1 5 28.9849
2132 -78.4448 0 3 0.513165
711 -78.893 1 1 12.5738
781 -78.2666 2 1 0.322928
1810 -76.1327 2 1 14.0769
1971 -79.1955 1 5 28.6834
2132 -78.4448 0 3 0.502132
711 -78.893 1 1 12.3748
781 -78.2666 2 1 0.31954
1810 -76.1327 2 1 14.8146
1971 -79.1955 1 5 28.316
2132 -78.4448 0 3 0.4978
711 -78.893 1 1 12.2075
781 -78.2666 2 1 0.314874
1810 -76.1327 2 1 14.6222
1971 -79.1955 1 5 28.0126
2132 -78.4448 0 3 0.488028
711 -78.893 1 1 12.2801
781 -78.2666 2 1 0.308631
1810 -76.1327 2 1 14.429
1971 -79.1955 1 5 28.3147
2132 -78.4448 0 3 0.481476
711 -78.893 1 1 12.0961
781 -78.2666 2 1 0.304738
1810 -76.1327 2 1 14.214
1971 -79.1955 1 5 28.0294
2132 -78.4448 0 3 0.474633
711 -78.893 1 1 12.713
781 -78.2666 2 1 0.303091
1810 -76.1327 2 1 14.2167
1971 -79.1955 1 5 29.2424
2132 -78.4448 0 3 0.536799
711 -78.893 1 1 12.5545
781 -78.2666 2 1 0.296779
1810 -76.1327 2 1 13.9804
1971 -79.1955 1 5 28.9568
2132 -78.4448 0 3 0.530451
711 -78.893 1 1 12.4462
781 -78.2666 2 1 0.293098
1810 -76.1327 2 1 14.96
1971 -79.1955 1 5 28.9559
2132 -78.4448 0 3 0.521656
711 -78.893 1 1 12.3007
781 -78.2666 2 1 0.290417
1810 -76.1327 2 1 14.6891
1971 -79.1955 1 5 28.6333
2132 -78.4448 0 3 0.514587
711 -78.893 1 1 12.9321
781 -78.2666 2 1 0.286198
1810 -76.1327 2 1 14.8574
1971 -79.1955 1 5 29.2647
2132 -78.4448 0 3 0.539484
711 -78.893 1 1 12.6733
781 -78.2666 2 1 0.281708
1810 -76.1327 2 1 14.7164
1971 -79.1955 1 5 28.832
2132 -78.4448 0 3 0.53456
711 -78.893 1 1 13.4111
781 -78.2666 2 1 0.27889
1810 -76.1327 2 1 14.6945
1971 -79.1955 1 5 29.4763
2132 -78.4448 0 3 0.527042
711 -78.893 1 1 13.31
781 -78.2666 2 1 0.274956
1810 -76.1327 2 1 14.4798
1971 -79.1955 1 5 29.1922
2132 -78.4448 0 3 0.519881
711 -78.893 1 1 13.3046
781 -78.2666 2 1 0.272393
1810 -76.1327 2 1 14.358
1971 -79.1955 1 5 30.8067
2132 -78.4448 0 3 0.516073
711 -78.893 1 1 13.1956
781 -78.2666 2 1 0.268944
1810 -76.1327 2 1 14.1529
1971 -79.1955 1 5 30.5942
2132 -78.4448 0 3 0.509396
711 -78.893 1 1 14.5961
781 -78.2666 2 1 0.266698
1810 -76.1327 2 1 14.5521
1971 -79.1955 1 5 30.7009
2132 -78.4448 0 3 0.502831
711 -78.893 1 1 14.4334
781 -78.2666 2 1 0.262577
1810 -76.1327 2 1 14.3715
1971 -79.1955 1 5 30.5021
2132 -78.4448 0 3 0.494764
711 -78.893 1 1 14.4757
781 -78.2666 2 1 0.259586
1810 -76.1327 2 1 14.6687
1971 -79.1955 1 5 30.3857
2132 -78.4448 0 3 0.49137
711 -78.893 1 1 14.302
781 -78.2666 2 1 0.256145
1810 -76.1327 2 1 14.4656
1971 -79.1955 1 5 29.8477
2132 -78.4448 0 3 0.484594
711 -78.893 1 1 14.1448
781 -78.2666 2 1 0.253629
1810 -76.1327 2 1 14.4622
1971 -79.1955 1 5 30.4825
2132 -78.4448 0 3 0.478622
711 -78.893 1 1 14.0129
781 -78.2666 2 1 0.250644
1810 -76.1327 2 1 14.2668
1971 -79.1955 1 5 30.1663
2132 -78.4448 0 3 0.473946
711 -78.893 1 1 14.6954
781 -78.2666 2 1 0.247883
1810 -76.1327 2 1 14.4331
1971 -79.1955 1 5 30.5602
2132 -78.4448 0 3 0.495351
711 -78.893 1 1 14.5206
781 -78.2666 2 1 0.244841
1810 -76.1327 2 1 14.3226
1971 -79.1955 1 5 30.27
2132 -78.4448 0 3 0.490486
711 -78.893 1 1 14.5436
781 -78.2666 2 1 0.269505
1810 -76.1327 2 1 14.4172
1971 -79.1955 1 5 30.5524
2132 -78.4448 0 3 0.512169
711 -78.893 1 1 14.4248
781 -78.2666 2 1 0.266895
1810 -76.1327 2 1 14.2268
1971 -79.1955 1 5 30.2439
2132 -78.4448 0 3 0.50739
711 -78.893 1 1 14.5944
781 -78.2666 2 1 0.29068
1810 -76.1327 2 1 15.4877
1971 -79.1955 1 5 30.0805
2132 -78.4448 0 3 0.527654
711 -78.893 1 1 14.45
781 -78.2666 2 1 0.28679
1810 -76.1327 2 1 15.3504
1971 -79.1955 1 5 29.7339
2132 -78.4448 0 3 0.521463
711 -78.893 1 1 14.5275
781 -78.2666 2 1 0.284678
1810 -76.1327 2 1 15.4949
1971 -79.1955 1 5 30.8459
2132 -78.4448 0 3 0.516248
711 -78.893 1 1 14.3538
781 -78.2666 2 1 0.281236
1810 -76.1327 2 1 15.3054
1971 -79.1955 1 5 30.6407
2132 -78.4448 0 3 0.513078
711 -78.893 1 1 14.5581
781 -78.2666 2 1 0.278936
1810 -76.1327 2 1 15.4237
1971 -79.1955 1 5 30.7796
2132 -78.4448 0 3 0.506467
711 -78.893 1 1 14.3264
781 -78.2666 2 1 0.275312
1810 -76.1327 2 1 15.2029
1971 -79.1955 1 5 30.5691
2132 -78.4448 0 3 0.502172
711 -78.893 1 1 14.3971
781 -78.2666 2 1 0.272616
1810 -76.1327 2 1 15.0924
1971 -79.1955 1 5 30.5068
2132 -78.4448 0 3 0.520735
711 -78.893 1 1 14.1888
781 -78.2666 2 1 0.270552
1810 -76.1327 2 1 14.9285
1971 -79.1955 1 5 30.306
2132 -78.4448 0 3 0.517443
711 -78.893 1 1 14.2193
781 -78.2666 2 1 0.26761
1810 -76.1327 2 1 14.9126
1971 -79.1955 1 5 30.7985
2132 -78.4448 0 3 0.511191
711 -78.893 1 1 14.0994
781 -78.2666 2 1 0.265256
1810 -76.1327 2 1 14.7952
1971 -79.1955 1 5 30.4972
2132 -78.4448 0 3 0.507589
711 -78.893 1 1 14.0619
781 -78.2666 2 1 0.262832
1810 -76.1327 2 1 16.0293
1971 -79.1955 1 5 30.9567
2132 -78.4448 0 3 0.525119
711 -78.893 1 1 13.9197
781 -78.2666 2 1 0.26037
1810 -76.1327 2 1 15.8939
1971 -79.1955 1 5 30.7445
2132 -78.4448 0 3 0.520151
711 -78.893 1 1 13.9888
781 -78.2666 2 1 0.25863
1810 -76.1327 2 1 16.375
1971 -79.1955 1 5 31.0351
2132 -78.4448 0 3 0.51461
711 -78.893 1 1 13.8851
781 -78.2666 2 1 0.254988
1810 -76.1327 2 1 16.2461
1971 -79.1955 1 5 30.6476
2132 -78.4448 0 3 0.509799
711 -78.893 1 1 13.8963
781 -78.2666 2 1 0.253252
1810 -76.1327 2 1 16.4264
1971 -79.1955 1 5 30.5437
2132 -78.4448 0 3 0.505381
711 -78.893 1 1 13.7796
781 -78.2666 2 1 0.25113
1810 -76.1327 2 1 16.3417
1971 -79.1955 1 5 30.2892
2132 -78.4448 0 3 0.502169
711 -78.893 1 1 13.9773
781 -78.2666 2 1 0.248065
1810 -76.1327 2 1 16.347
1971 -79.1955 1 5 30.602
2132 -78.4448 0 3 0.497199
711 -78.893 1 1 13.8661
781 -78.2666 2 1 0.24625
1810 -76.1327 2 1 16.1796
1971 -79.1955 1 5 30.4515
2132 -78.4448 0 3 0.492014
711 -78.893 1 1 14.0022
781 -78.2666 2 1 0.243663
1810 -76.1327 2 1 16.6763
1971 -79.1955 1 5 30.2306
2132 -78.4448 0 3 0.534163
711 -78.893 1 1 13.9003
781 -78.2666 2 1 0.24194
1810 -76.1327 2 1 16.5076
1971 -79.1955 1 5 30.0387
2132 -78.4448 0 3 0.528682
711 -78.893 1 1 13.7533
781 -78.2666 2 1 0.261785
1810 -76.1327 2 1 16.9593
1971 -79.1955 1 5 30.1462
2132 -78.4448 0 3 0.52313
711 -78.893 1 1 13.7129
781 -78.2666 2 1 0.259049
1810 -76.1327 2 1 16.8594
1971 -79.1955 1 5 29.7781
2132 -78.4448 0 3 0.518849
711 -78.893 1 1 13.7411
781 -78.2666 2 1 0.257136
1810 -76.1327 2 1 16.6926
1971 -79.1955 1 5 29.8006
2132 -78.4448 0 3 0.556884
711 -78.893 1 1 13.6672
781 -78.2666 2 1 0.254652
1810 -76.1327 2 1 16.5551
1971 -79.1955 1 5 29.4571
2132 -78.4448 0 3 0.551547
711 -78.893 1 1 13.552
781 -78.2666 2 1 0.252657
1810 -76.1327 2 1 16.6526
1971 -79.1955 1 5 29.4432
2132 -78.4448 0 3 0.591818
711 -78.893 1 1 13.4898
781 -78.2666 2 1 0.251342
1810 -76.1327 2 1 16.5034
1971 -79.1955 1 5 29.2321
2132 -78.4448 0 3 0.585062
711 -78.893 1 1 13.4418
781 -78.2666 2 1 0.249082
1810 -76.1327 2 1 16.4417
1971 -79.1955 1 5 29.3334
2132 -78.4448 0 3 0.581753
711 -78.893 1 1 13.3585
781 -78.2666 2 1 0.246542
1810 -76.1327 2 1 16.2615
1971 -79.1955 1 5 29.109
2132 -78.4448 0 3 0.574352
711 -78.893 1 1 13.3027
781 -78.2666 2 1 0.245149
1810 -76.1327 2 1 16.2174
1971 -79.1955 1 5 29.4953
2132 -78.4448 0 3 0.569987
711 -78.893 1 1 13.1704
781 -78.2666 2 1 0.242514
1810 -76.1327 2 1 16.1055
1971 -79.1955 1 5 29.3358
2132 -78.4448 0 3 0.565852
711 -78.893 1 1 13.1735
781 -78.2666 2 1 0.240829
1810 -76.1327 2 1 16.0704
1971 -79.1955 1 5 29.6632
2132 -78.4448 0 3 0.561173
711 -78.893 1 1 13.0653
781 -78.2666 2 1 0.238427
1810 -76.1327 2 1 15.9022
1971 -79.1955 1 5 29.395
2132 -78.4448 0 3 0.558446
711 -78.893 1 1 12.9528
781 -78.2666 2 1 0.257225
1810 -76.1327 2 1 16.1125
1971 -79.1955 1 5 29.4038
2132 -78.4448 0 3 0.571863
711 -78.893 1 1 12.8558
781 -78.2666 2 1 0.254643
1810 -76.1327 2 1 16.0255
1971 -79.1955 1 5 29.0851
2132 -78.4448 0 3 0.568966
711 -78.893 1 1 12.8437
781 -78.2666 2 1 0.272741
1810 -76.1327 2 1 15.9887
1971 -79.1955 1 5 29.2929
2132 -78.4448 0 3 0.640939
711 -78.893 1 1 12.7683
781 -78.2666 2 1 0.269494
1810 -76.1327 2 1 15.9457
1971 -79.1955 1 5 29.1929
2132 -78.4448 0 3 0.636061
711 -78.893 1 1 12.6708
781 -78.2666 2 1 0.268059
1810 -76.1327 2 1 15.786
1971 -79.1955 1 5 29.2796
2132 -78.4448 0 3 0.632972
711 -78.893 1 1 12.5764
781 -78.2666 2 1 0.26571
1810 -76.1327 2 1 15.6865
1971 -79.1955 1 5 29.0252
2132 -78.4448 0 3 0.627203
711 -78.893 1 1 12.5268
781 -78.2666 2 1 0.264272
1810 -76.1327 2 1 15.7777
1971 -79.1955 1 5 29.4128
2132 -78.4448 0 3 0.62185
711 -78.893 1 1 12.5142
781 -78.2666 2 1 0.261529
1810 -76.1327 2 1 15.6689
1971 -79.1955 1 5 29.1139
2132 -78.4448 0 3 0.616537
711 -78.893 1 1 12.5172
781 -78.2666 2 1 0.27866
1810 -76.1327 2 1 15.5674
1971 -79.1955 1 5 29.0901
2132 -78.4448 0 3 0.613278
711 -78.893 1 1 12.4142
781 -78.2666 2 1 0.27706
1810 -76.1327 2 1 15.4454
1971 -79.1955 1 5 28.9661
2132 -78.4448 0 3 0.608309
711 -78.893 1 1 12.3277
781 -78.2666 2 1 0.27424
1810 -76.1327 2 1 15.3557
1971 -79.1955 1 5 29.0991
2132 -78.4448 0 3 0.623785
711 -78.893 1 1 12.2302
781 -78.2666 2 1 0.272437
1810 -76.1327 2 1 15.2303
1971 -79.1955 1 5 28.8502
2132 -78.4448 0 3 0.616689
711 -78.893 1 1 12.351
781 -78.2666 2 1 0.27056
1810 -76.1327 2 1 15.3625
1971 -79.1955 1 5 29.1509
2132 -78.4448 0 3 0.613142
711 -78.893 1 1 12.2269
781 -78.2666 2 1 0.268609
1810 -76.1327 2 1 15.1997
1971 -79.1955 1 5 28.9682
2132 -78.4448 0 3 0.608306
711 -78.893 1 1 12.2921
781 -78.2666 2 1 0.266305
1810 -76.1327 2 1 15.5239
1971 -79.1955 1 5 29.2576
2132 -78.4448 0 3 0.60381
711 -78.893 1 1 12.2433
781 -78.2666 2 1 0.264664
1810 -76.1327 2 1 15.4237
1971 -79.1955 1 5 29.0647
2132 -78.4448 0 3 0.600279
711 -78.893 1 1 12.1751
781 -78.2666 2 1 0.262528
1810 -76.1327 2 1 15.71
1971 -79.1955 1 5 29.3994
2132 -78.4448 0 3 0.631209
711 -78.893 1 1 12.0756
781 -78.2666 2 1 0.261352
1810 -76.1327 2 1 15.5631
1971 -79.1955 1 5 29.1634
2132 -78.4448 0 3 0.627236
711 -78.893 1 1 12.2423
781 -78.2666 2 1 0.259014
1810 -76.1327 2 1 15.4796
1971 -79.1955 1 5 29.6886
2132 -78.4448 0 3 0.621794
711 -78.893 1 1 12.154
781 -78.2666 2 1 0.257269
1810 -76.1327 2 1 15.3457
1971 -79.1955 1 5 29.4825
2132 -78.4448 0 3 0.617748
711 -78.893 1 1 12.0561
781 -78.2666 2 1 0.255722
1810 -76.1327 2 1 15.2552
1971 -79.1955 1 5 29.8176
2132 -78.4448 0 3 0.632836
711 -78.893 1 1 11.9977
781 -78.2666 2 1 0.25397
1810 -76.1327 2 1 15.1887
1971 -79.1955 1 5 29.6627
2132 -78.4448 0 3 0.628031
711 -78.893 1 1 12.1096
781 -78.2666 2 1 0.252895
1810 -76.1327 2 1 15.0698
1971 -79.1955 1 5 29.8028
2132 -78.4448 0 3 0.639677
711 -78.893 1 1 12.0231
781 -78.2666 2 1 0.251178
1810 -76.1327 2 1 15.0382
1971 -79.1955 1 5 29.5445
2132 -78.4448 0 3 0.634022
711 -78.893 1 1 12.1814
781 -78.2666 2 1 0.248915
1810 -76.1327 2 1 14.9971
1971 -79.1955 1 5 29.8835
2132 -78.4448 0 3 0.631856
711 -78.893 1 1 12.1198
781 -78.2666 2 1 0.247232
1810 -76.1327 2 1 14.8767
1971 -79.1955 1 5 29.6355
2132 -78.4448 0 3 0.628468
711 -78.893 1 1 12.0693
781 -78.2666 2 1 0.245353
1810 -76.1327 2 1 14.8549
1971 -79.1955 1 5 30.7688
2132 -78.4448 0 3 0.638346
711 -78.893 1 1 11.9776
781 -78.2666 2 1 0.24409
1810 -76.1327 2 1 14.7483
1971 -79.1955 1 5 30.5149
2132 -78.4448 0 3 0.636817
711 -78.893 1 1 12.0061
781 -78.2666 2 1 0.24249
1810 -76.1327 2 1 14.6977
1971 -79.1955 1 5 30.6453
2132 -78.4448 0 3 0.648018
711 -78.893 1 1 11.9468
781 -78.2666 2 1 0.240955
1810 -76.1327 2 1 14.5789
1971 -79.1955 1 5 30.3443
2132 -78.4448 0 3 0.642536
711 -78.893 1 1 11.8571
781 -78.2666 2 1 0.239149
1810 -76.1327 2 1 14.5089
1971 -79.1955 1 5 30.4115
2132 -78.4448 0 3 0.639661
711 -78.893 1 1 11.789
781 -78.2666 2 1 0.238003
1810 -76.1327 2 1 14.409
1971 -79.1955 1 5 30.1849
2132 -78.4448 0 3 0.635191
711 -78.893 1 1 11.7607
781 -78.2666 2 1 0.251989
1810 -76.1327 2 1 14.4143
1971 -79.1955 1 5 29.9828
2132 -78.4448 0 3 0.663661
711 -78.893 1 1 11.667
781 -78.2666 2 1 0.250297
1810 -76.1327 2 1 14.3129
1971 -79.1955 1 5 29.8304
2132 -78.4448 0 3 0.658399
711 -78.893 1 1 11.7394
781 -78.2666 2 1 0.248912
1810 -76.1327 2 1 14.3937
1971 -79.1955 1 5 30.2578
2132 -78.4448 0 3 0.65411
711 -78.893 1 1 11.6604
781 -78.2666 2 1 0.247474
1810 -76.1327 2 1 14.3273
1971 -79.1955 1 5 30.049
2132 -78.4448 0 3 0.649756
711 -78.893 1 1 11.6489
781 -78.2666 2 1 0.261711
1810 -76.1327 2 1 14.3254
1971 -79.1955 1 5 30.0221
2132 -78.4448 0 3 0.660859
711 -78.893 1 1 11.5746
781 -78.2666 2 1 0.259652
1810 -76.1327 2 1 14.2687
1971 -79.1955 1 5 29.8001
2132 -78.4448 0 3 0.65633
711 -78.893 1 1 11.5476
781 -78.2666 2 1 0.257983
1810 -76.1327 2 1 14.4457
1971 -79.1955 1 5 29.9048
2132 -78.4448 0 3 0.653451
711 -78.893 1 1 11.4845
781 -78.2666 2 1 0.256979
1810 -76.1327 2 1 14.3701
1971 -79.1955 1 5 29.7567
2132 -78.4448 0 3 0.648852
711 -78.893 1 1 11.519
781 -78.2666 2 1 0.255057
1810 -76.1327 2 1 14.2692
1971 -79.1955 1 5 29.9422
2132 -78.4448 0 3 0.674721
711 -78.893 1 1 11.4608
781 -78.2666 2 1 0.253417
1810 -76.1327 2 1 14.1928
1971 -79.1955 1 5 29.6618
2132 -78.4448 0 3 0.672406
711 -78.893 1 1 11.3788
781 -78.2666 2 1 0.25229
1810 -76.1327 2 1 14.4319
1971 -79.1955 1 5 30.111
2132 -78.4448 0 3 0.667574
711 -78.893 1 1 11.338
781 -78.2666 2 1 0.250275
1810 -76.1327 2 1 14.3318
1971 -79.1955 1 5 29.9353
2132 -78.4448 0 3 0.663182
711 -78.893 1 1 11.383
781 -78.2666 2 1 0.24905
1810 -76.1327 2 1 14.2947
1971 -79.1955 1 5 29.91
2132 -78.4448 0 3 0.703728
711 -78.893 1 1 11.2893
781 -78.2666 2 1 0.247804
1810 -76.1327 2 1 14.2308
1971 -79.1955 1 5 29.7933
2132 -78.4448 0 3 0.699206
711 -78.893 1 1 11.5247
781 -78.2666 2 1 0.245995
1810 -76.1327 2 1 14.1613
1971 -79.1955 1 5 29.6753
2132 -78.4448 0 3 0.738398
711 -78.893 1 1 11.4798
781 -78.2666 2 1 0.245217
1810 -76.1327 2 1 14.0454
1971 -79.1955 1 5 29.517
2132 -78.4448 0 3 0.734914
711 -78.893 1 1 11.6415
781 -78.2666 2 1 0.243571
1810 -76.1327 2 1 14.044
1971 -79.1955 1 5 29.3756
2132 -78.4448 0 3 0.730206
711 -78.893 1 1 11.5749
781 -78.2666 2 1 0.242185
1810 -76.1327 2 1 13.9823
1971 -79.1955 1 5 29.2153
2132 -78.4448 0 3 0.727493
711 -78.893 1 1 11.7719
781 -78.2666 2 1 0.240943
1810 -76.1327 2 1 14.0132
1971 -79.1955 1 5 29.2348
2132 -78.4448 0 3 0.721196
711 -78.893 1 1 11.7123
781 -78.2666 2 1 0.239099
1810 -76.1327 2 1 13.9687
1971 -79.1955 1 5 29.0734
2132 -78.4448 0 3 0.71869
711 -78.893 1 1 11.7857
781 -78.2666 2 1 0.237738
1810 -76.1327 2 1 14.076
1971 -79.1955 1 5 29.3549
2132 -78.4448 0 3 0.741233
711 -78.893 1 1 11.7377
781 -78.2666 2 1 0.236651
1810 -76.1327 2 1 14.0075
1971 -79.1955 1 5 29.1744
2132 -78.4448 0 3 0.739004
711 -78.893 1 1 11.7196
781 -78.2666 2 1 0.235639
1810 -76.1327 2 1 14.0822
1971 -79.1955 1 5 29.5008
2132 -78.4448 0 3 0.732925
711 -78.893 1 1 11.66
781 -78.2666 2 1 0.233926
1810 -76.1327 2 1 14.0433
1971 -79.1955 1 5 29.3647
2132 -78.4448 0 3 0.730935
711 -78.893 1 1 11.6714
781 -78.2666 2 1 0.246885
1810 -76.1327 2 1 14.0818
1971 -79.1955 1 5 29.3215
2132 -78.4448 0 3 0.725498
711 -78.893 1 1 11.5963
781 -78.2666 2 1 0.245067
1810 -76.1327 2 1 13.9787
1971 -79.1955 1 5 29.165
2132 -78.4448 0 3 0.72219
711 -78.893 1 1 11.7032
781 -78.2666 2 1 0.24396
1810 -76.1327 2 1 14.1257
1971 -79.1955 1 5 29.7005
2132 -78.4448 0 3 0.7312
711 -78.893 1 1 11.6723
781 -78.2666 2 1 0.242313
1810 -76.1327 2 1 14.0766
1971 -79.1955 1 5 29.6035
2132 -78.4448 0 3 0.726504
711 -78.893 1 1 11.6111
781 -78.2666 2 1 0.240988
1810 -76.1327 2 1 14.0035
1971 -79.1955 1 5 29.8962
2132 -78.4448 0 3 0.736499
711 -78.893 1 1 11.532
781 -78.2666 2 1 0.239815
1810 -76.1327 2 1 13.9575
1971 -79.1955 1 5 29.7114
2132 -78.4448 0 3 0.732289
711 -78.893 1 1 11.7687
781 -78.2666 2 1 0.238342
1810 -76.1327 2 1 13.8833
1971 -79.1955 1 5 29.8409
2132 -78.4448 0 3 0.729514
711 -78.893 1 1 11.6706
781 -78.2666 2 1 0.237294
1810 -76.1327 2 1 13.8212
1971 -79.1955 1 5 29.7381
2132 -78.4448 0 3 0.724595
711 -78.893 1 1 11.7337
781 -78.2666 2 1 0.249005
1810 -76.1327 2 1 14.0598
1971 -79.1955 1 5 29.6102
2132 -78.4448 0 3 0.722004
711 -78.893 1 1 11.6833
781 -78.2666 2 1 0.247744
1810 -76.1327 2 1 13.9869
1971 -79.1955 1 5 29.485
2132 -78.4448 0 3 0.716895
711 -78.893 1 1 12.1359
781 -78.2666 2 1 0.272352
1810 -76.1327 2 1 14.3057
1971 -79.1955 1 5 29.4396
2132 -78.4448 0 3 0.713214
711 -78.893 1 1 12.0638
781 -78.2666 2 1 0.271375
1810 -76.1327 2 1 14.2175
1971 -79.1955 1 5 29.2126
2132 -78.4448 0 3 0.71144
711 -78.893 1 1 12.0017
781 -78.2666 2 1 0.270493
1810 -76.1327 2 1 14.3061
1971 -79.1955 1 5 29.9166
2132 -78.4448 0 3 0.706278
711 -78.893 1 1 11.9471
781 -78.2666 2 1 0.268326
1810 -76.1327 2 1 14.227
1971 -79.1955 1 5 29.8521
2132 -78.4448 0 3 0.703786
711 -78.893 1 1 12.2813
781 -78.2666 2 1 0.266857
1810 -76.1327 2 1 14.3153
1971 -79.1955 1 5 29.9433
2132 -78.4448 0 3 0.699396
711 -78.893 1 1 12.1999
781 -78.2666 2 1 0.265954
1810 -76.1327 2 1 14.2303
1971 -79.1955 1 5 29.7655
2132 -78.4448 0 3 0.695971
711 -78.893 1 1 12.1722
781 -78.2666 2 1 0.264156
1810 -76.1327 2 1 14.1535
1971 -79.1955 1 5 29.889
2132 -78.4448 0 3 0.705364
711 -78.893 1 1 12.0878
781 -78.2666 2 1 0.262838
1810 -76.1327 2 1 14.1044
1971 -79.1955 1 5 29.7363
2132 -78.4448 0 3 0.701241
711 -78.893 1 1 12.1273
781 -78.2666 2 1 0.261793
1810 -76.1327 2 1 14.0321
1971 -79.1955 1 5 29.8082
2132 -78.4448 0 3 0.698169
711 -78.893 1 1 12.0717
781 -78.2666 2 1 0.260249
1810 -76.1327 2 1 13.9571
1971 -79.1955 1 5 29.7169
2132 -78.4448 0 3 0.694145
711 -78.893 1 1 12.0925
781 -78.2666 2 1 0.259007
1810 -76.1327 2 1 14.1124
1971 -79.1955 1 5 29.8756
2132 -78.4448 0 3 0.691054
711 -78.893 1 1 12.0268
781 -78.2666 2 1 0.257729
1810 -76.1327 2 1 14.0351
1971 -79.1955 1 5 29.6727
2132 -78.4448 0 3 0.68788
711 -78.893 1 1 12.1265
781 -78.2666 2 1 0.256789
1810 -76.1327 2 1 14.0733
1971 -79.1955 1 5 29.5762
2132 -78.4448 0 3 0.697712
711 -78.893 1 1 12.064
781 -78.2666 2 1 0.255204
1810 -76.1327 2 1 13.9659
1971 -79.1955 1 5 29.4157
2132 -78.4448 0 3 0.692836
711 -78.893 1 1 12.014
781 -78.2666 2 1 0.266604
1810 -76.1327 2 1 14.0049
1971 -79.1955 1 5 29.5346
2132 -78.4448 0 3 0.702429
711 -78.893 1 1 11.9705
781 -78.2666 2 1 0.264795
1810 -76.1327 2 1 13.9533
1971 -79.1955 1 5 29.4106
2132 -78.4448 0 3 0.699417
711 -78.893 1 1 11.8841
781 -78.2666 2 1 0.264159
1810 -76.1327 2 1 13.8915
1971 -79.1955 1 5 29.6255
2132 -78.4448 0 3 0.69466
711 -78.893 1 1 11.8317
781 -78.2666 2 1 0.262719
1810 -76.1327 2 1 13.8064
1971 -79.1955 1 5 29.4077
2132 -78.4448 0 3 0.691966
711 -78.893 1 1 11.8044
781 -78.2666 2 1 0.261047
1810 -76.1327 2 1 13.8
1971 -79.1955 1 5 29.5462
2132 -78.4448 0 3 0.699912
711 -78.893 1 1 11.7345
781 -78.2666 2 1 0.260235
1810 -76.1327 2 1 13.7501
1971 -79.1955 1 5 29.3907
2132 -78.4448 0 3 0.69753
711 -78.893 1 1 11.847
781 -78.2666 2 1 0.25905
1810 -76.1327 2 1 13.8449
1971 -79.1955 1 5 29.336
2132 -78.4448 0 3 0.705302
711 -78.893 1 1 11.7743
781 -78.2666 2 1 0.257571
1810 -76.1327 2 1 13.7773
1971 -79.1955 1 5 29.2373
2132 -78.4448 0 3 0.702453
711 -78.893 1 1 11.8861
781 -78.2666 2 1 0.268318
1810 -76.1327 2 1 13.7965
1971 -79.1955 1 5 29.1134
2132 -78.4448 0 3 0.711865
711 -78.893 1 1 11.8178
781 -78.2666 2 1 0.26658
1810 -76.1327 2 1 13.7164
1971 -79.1955 1 5 29.0273
2132 -78.4448 0 3 0.706795
711 -78.893 1 1 12.0686
781 -78.2666 2 1 0.277093
1810 -76.1327 2 1 13.683
1971 -79.1955 1 5 29.1238
2132 -78.4448 0 3 0.727875
711 -78.893 1 1 11.9989
781 -78.2666 2 1 0.275945
1810 -76.1327 2 1 13.5975
1971 -79.1955 1 5 28.966
2132 -78.4448 0 3 0.723548
711 -78.893 1 1 12.0098
781 -78.2666 2 1 0.275166
1810 -76.1327 2 1 13.7827
1971 -79.1955 1 5 29.1586
2132 -78.4448 0 3 0.719963
711 -78.893 1 1 11.9474
781 -78.2666 2 1 0.273182
1810 -76.1327 2 1 13.7427
1971 -79.1955 1 5 29.0102
2132 -78.4448 0 3 0.71726
711 -78.893 1 1 11.9713
781 -78.2666 2 1 0.271768
1810 -76.1327 2 1 13.8637
1971 -79.1955 1 5 29.1667
2132 -78.4448 0 3 0.715021
711 -78.893 1 1 11.9147
781 -78.2666 2 1 0.270639
1810 -76.1327 2 1 13.8183
1971 -79.1955 1 5 29.0188
2132 -78.4448 0 3 0.711755
711 -78.893 1 1 12.044
781 -78.2666 2 1 0.269568
1810 -76.1327 2 1 13.754
1971 -79.1955 1 5 29.1421
2132 -78.4448 0 3 0.708551
711 -78.893 1 1 11.9974
781 -78.2666 2 1 0.268164
1810 -76.1327 2 1 13.6808
1971 -79.1955 1 5 29.0151
2132 -78.4448 0 3 0.703987
711 -78.893 1 1 11.934
781 -78.2666 2 1 0.27855
1810 -76.1327 2 1 13.7246
1971 -79.1955 1 5 28.9801
2132 -78.4448 0 3 0.724082
711 -78.893 1 1 11.9178
781 -78.2666 2 1 0.27689
1810 -76.1327 2 1 13.6468
1971 -79.1955 1 5 28.8046
2132 -78.4448 0 3 0.719963
711 -78.893 1 1 11.8564
781 -78.2666 2 1 0.275758
1810 -76.1327 2 1 13.6361
1971 -79.1955 1 5 28.9364
2132 -78.4448 0 3 0.728643
711 -78.893 1 1 11.7814
781 -78.2666 2 1 0.274569
1810 -76.1327 2 1 13.5615
1971 -79.1955 1 5 28.8253
2132 -78.4448 0 3 0.725937
711 -78.893 1 1 11.7794
781 -78.2666 2 1 0.273254
1810 -76.1327 2 1 13.5564
1971 -79.1955 1 5 29.0419
2132 -78.4448 0 3 0.72203
711 -78.893 1 1 11.741
781 -78.2666 2 1 0.272308
1810 -76.1327 2 1 13.478
1971 -79.1955 1 5 28.9045
2132 -78.4448 0 3 0.718585
711 -78.893 1 1 11.7624
781 -78.2666 2 1 0.271044
1810 -76.1327 2 1 13.4458
1971 -79.1955 1 5 28.9023
2132 -78.4448 0 3 0.715813
711 -78.893 1 1 11.7142
781 -78.2666 2 1 0.270455
1810 -76.1327 2 1 13.3681
1971 -79.1955 1 5 28.8394
2132 -78.4448 0 3 0.712225
711 -78.893 1 1 11.7043
781 -78.2666 2 1 0.26885
1810 -76.1327 2 1 13.3312
1971 -79.1955 1 5 28.9603
2132 -78.4448 0 3 0.709531
711 -78.893 1 1 11.6267
781 -78.2666 2 1 0.267479
1810 -76.1327 2 1 13.2719
1971 -79.1955 1 5 28.9153
2132 -78.4448 0 3 0.706865
711 -78.893 1 1 11.8632
781 -78.2666 2 1 0.266637
1810 -76.1327 2 1 13.5452
1971 -79.1955 1 5 29.0259
2132 -78.4448 0 3 0.703248
711 -78.893 1 1 11.8009
781 -78.2666 2 1 0.26531
1810 -76.1327 2 1 13.5102
1971 -79.1955 1 5 28.8725
2132 -78.4448 0 3 0.701667
711 -78.893 1 1 11.8959
781 -78.2666 2 1 0.264534
1810 -76.1327 2 1 13.7249
1971 -79.1955 1 5 28.9386
2132 -78.4448 0 3 0.71865
711 -78.893 1 1 11.8552
781 -78.2666 2 1 0.263724
1810 -76.1327 2 1 13.6715
1971 -79.1955 1 5 28.7732
2132 -78.4448 0 3 0.715468
711 -78.893 1 1 11.8533
781 -78.2666 2 1 0.261828
1810 -76.1327 2 1 13.685
1971 -79.1955 1 5 28.7549
2132 -78.4448 0 3 0.713302
711 -78.893 1 1 11.8164
781 -78.2666 2 1 0.261073
1810 -76.1327 2 1 13.6206
1971 -79.1955 1 5 28.6272
2132 -78.4448 0 3 0.709226
711 -78.893 1 1 11.7722
781 -78.2666 2 1 0.259946
1810 -76.1327 2 1 13.8254
1971 -79.1955 1 5 28.7559
2132 -78.4448 0 3 0.717378
711 -78.893 1 1 11.7339
781 -78.2666 2 1 0.258696
1810 -76.1327 2 1 13.7941
1971 -79.1955 1 5 28.582
2132 -78.4448 0 3 0.714343
711 -78.893 1 1 12.0612
781 -78.2666 2 1 0.257491
1810 -76.1327 2 1 13.9732
1971 -79.1955 1 5 28.7073
2132 -78.4448 0 3 0.722153
711 -78.893 1 1 12.0018
781 -78.2666 2 1 0.256462
1810 -76.1327 2 1 13.921
1971 -79.1955 1 5 28.6396
2132 -78.4448 0 3 0.718154
711 -78.893 1 1 11.9539
781 -78.2666 2 1 0.255418
1810 -76.1327 2 1 14.1367
1971 -79.1955 1 5 28.5508
2132 -78.4448 0 3 0.715532
711 -78.893 1 1 11.9092
781 -78.2666 2 1 0.254368
1810 -76.1327 2 1 14.055
1971 -79.1955 1 5 28.4088
2132 -78.4448 0 3 0.713574
711 -78.893 1 1 12.0289
781 -78.2666 2 1 0.253815
1810 -76.1327 2 1 14.0103
1971 -79.1955 1 5 28.7237
2132 -78.4448 0 3 0.709296
711 -78.893 1 1 11.9721
781 -78.2666 2 1 0.252535
1810 -76.1327 2 1 13.9578
1971 -79.1955 1 5 28.659
2132 -78.4448 0 3 0.707355
711 -78.893 1 1 12.0108
781 -78.2666 2 1 0.261984
1810 -76.1327 2 1 13.9428
1971 -79.1955 1 5 28.7336
2132 -78.4448 0 3 0.713723
711 -78.893 1 1 11.9481
781 -78.2666 2 1 0.260719
1810 -76.1327 2 1 13.8842
1971 -79.1955 1 5 28.6163
2132 -78.4448 0 3 0.712793
711 -78.893 1 1 11.9588
781 -78.2666 2 1 0.25969
1810 -76.1327 2 1 13.873
1971 -79.1955 1 5 28.8042
2132 -78.4448 0 3 0.709757
711 -78.893 1 1 11.9253
781 -78.2666 2 1 0.258372
1810 -76.1327 2 1 13.8267
1971 -79.1955 1 5 28.7141
2132 -78.4448 0 3 0.706346
711 -78.893 1 1 11.9108
781 -78.2666 2 1 0.257399
1810 -76.1327 2 1 13.9749
1971 -79.1955 1 5 28.618
2132 -78.4448 0 3 0.70251
711 -78.893 1 1 11.87
781 -78.2666 2 1 0.256639
1810 -76.1327 2 1 13.8861
1971 -79.1955 1 5 28.5195
2132 -78.4448 0 3 0.699532
711 -78.893 1 1 11.9403
781 -78.2666 2 1 0.255478
1810 -76.1327 2 1 13.8548
1971 -79.1955 1 5 28.8764
2132 -78.4448 0 3 0.697491
711 -78.893 1 1 11.892
781 -78.2666 2 1 0.254302
1810 -76.1327 2 1 13.7802
1971 -79.1955 1 5 28.8092
2132 -78.4448 0 3 0.694818
711 -78.893 1 1 11.9375
781 -78.2666 2 1 0.25326
1810 -76.1327 2 1 13.832
1971 -79.1955 1 5 28.8054
2132 -78.4448 0 3 0.6914
711 -78.893 1 1 11.8949
781 -78.2666 2 1 0.252499
1810 -76.1327 2 1 13.7601
1971 -79.1955 1 5 28.7041
2132 -78.4448 0 3 0.689819
711 -78.893 1 1 11.9247
781 -78.2666 2 1 0.260944
1810 -76.1327 2 1 13.7976
1971 -79.1955 1 5 28.8087
2132 -78.4448 0 3 0.696297
711 -78.893 1 1 11.8582
781 -78.2666 2 1 0.259928
1810 -76.1327 2 1 13.7529
1971 -79.1955 1 5 28.6605
2132 -78.4448 0 3 0.693143
711 -78.893 1 1 12.5088
781 -78.2666 2 1 0.259464
1810 -76.1327 2 1 13.7496
1971 -79.1955 1 5 28.8609
2132 -78.4448 0 3 0.690395
711 -78.893 1 1 12.455
781 -78.2666 2 1 0.257947
1810 -76.1327 2 1 13.6681
1971 -79.1955 1 5 28.7247
2132 -78.4448 0 3 0.688855
711 -78.893 1 1 12.5183
781 -78.2666 2 1 0.257096
1810 -76.1327 2 1 13.636
1971 -79.1955 1 5 28.9585
2132 -78.4448 0 3 0.686893
711 -78.893 1 1 12.4739
781 -78.2666 2 1 0.256394
1810 -76.1327 2 1 13.596
1971 -79.1955 1 5 28.8235
2132 -78.4448 0 3 0.683663
711 -78.893 1 1 12.475
781 -78.2666 2 1 0.255072
1810 -76.1327 2 1 13.5739
1971 -79.1955 1 5 28.7852
2132 -78.4448 0 3 0.680563
711 -78.893 1 1 12.445
781 -78.2666 2 1 0.254367
1810 -76.1327 2 1 13.5421
1971 -79.1955 1 5 28.681
2132 -78.4448 0 3 0.677827
711 -78.893 1 1 12.6832
781 -78.2666 2 1 0.25322
1810 -76.1327 2 1 13.565
1971 -79.1955 1 5 28.8184
2132 -78.4448 0 3 0.675224
711 -78.893 1 1 12.6129
781 -78.2666 2 1 0.252195
1810 -76.1327 2 1 13.5225
1971 -79.1955 1 5 28.6705
2132 -78.4448 0 3 0.672393
711 -78.893 1 1 12.7369
781 -78.2666 2 1 0.251742
1810 -76.1327 2 1 13.5977
1971 -79.1955 1 5 28.8844
2132 -78.4448 0 3 0.680059
711 -78.893 1 1 12.7058
781 -78.2666 2 1 0.250622
1810 -76.1327 2 1 13.5355
1971 -79.1955 1 5 28.8396
2132 -78.4448 0 3 0.677305
711 -78.893 1 1 12.684
781 -78.2666 2 1 0.249372
1810 -76.1327 2 1 13.7455
1971 -79.1955 1 5 29.0772
2132 -78.4448 0 3 0.674613
711 -78.893 1 1 12.6368
781 -78.2666 2 1 0.24865
1810 -76.1327 2 1 13.6827
1971 -79.1955 1 5 29.0011
2132 -78.4448 0 3 0.672714
711 -78.893 1 1 12.7986
781 -78.2666 2 1 0.257157
1810 -76.1327 2 1 13.6559
1971 -79.1955 1 5 28.9293
2132 -78.4448 0 3 0.678475
711 -78.893 1 1 12.7747
781 -78.2666 2 1 0.256058
1810 -76.1327 2 1 13.6217
1971 -79.1955 1 5 28.8352
2132 -78.4448 0 3 0.6759
711 -78.893 1 1 12.8126
781 -78.2666 2 1 0.254931
1810 -76.1327 2 1 13.6158
1971 -79.1955 1 5 28.8895
2132 -78.4448 0 3 0.683453
711 -78.893 1 1 12.772
781 -78.2666 2 1 0.253869
1810 -76.1327 2 1 13.5689
1971 -79.1955 1 5 28.789
2132 -78.4448 0 3 0.680229
711 -78.893 1 1 12.7816
781 -78.2666 2 1 0.253387
1810 -76.1327 2 1 13.6055
1971 -79.1955 1 5 28.8155
2132 -78.4448 0 3 0.696341
711 -78.893 1 1 12.74
781 -78.2666 2 1 0.252484
1810 -76.1327 2 1 13.5741
1971 -79.1955 1 5 28.6743
2132 -78.4448 0 3 0.69467
711 -78.893 1 1 12.8833
781 -78.2666 2 1 0.251449
1810 -76.1327 2 1 13.5409
1971 -79.1955 1 5 28.725
2132 -78.4448 0 3 0.709419
711 -78.893 1 1 12.8468
781 -78.2666 2 1 0.250488
1810 -76.1327 2 1 13.4706
1971 -79.1955 1 5 28.5762
2132 -78.4448 0 3 0.707186
711 -78.893 1 1 12.8007
781 -78.2666 2 1 0.249476
1810 -76.1327 2 1 13.5136
1971 -79.1955 1 5 28.7604
2132 -78.4448 0 3 0.704053
711 -78.893 1 1 12.7672
781 -78.2666 2 1 0.248853
1810 -76.1327 2 1 13.4785
1971 -79.1955 1 5 28.6761
2132 -78.4448 0 3 0.702289
711 -78.893 1 1 12.9194
781 -78.2666 2 1 0.256858
1810 -76.1327 2 1 13.4622
1971 -79.1955 1 5 28.7778
2132 -78.4448 0 3 0.717243
711 -78.893 1 1 12.8842
781 -78.2666 2 1 0.256034
1810 -76.1327 2 1 13.4321
1971 -79.1955 1 5 28.7093
2132 -78.4448 0 3 0.713795
711 -78.893 1 1 12.813
781 -78.2666 2 1 0.254639
1810 -76.1327 2 1 13.5489
1971 -79.1955 1 5 28.7308
2132 -78.4448 0 3 0.720056
711 -78.893 1 1 12.7894
781 -78.2666 2 1 0.25388
1810 -76.1327 2 1 13.4952
1971 -79.1955 1 5 28.6485
2132 -78.4448 0 3 0.718545
711 -78.893 1 1 12.7524
781 -78.2666 2 1 0.253302
1810 -76.1327 2 1 13.5533
1971 -79.1955 1 5 28.5855
2132 -78.4448 0 3 0.715146
711 -78.893 1 1 12.6931
781 -78.2666 2 1 0.252034
1810 -76.1327 2 1 13.5179
1971 -79.1955 1 5 28.486
2132 -78.4448 0 3 0.712512
711 -78.893 1 1 12.7438
781 -78.2666 2 1 0.251342
1810 -76.1327 2 1 13.5285
1971 -79.1955 1 5 28.558
2132 -78.4448 0 3 0.727607
711 -78.893 1 1 12.6986
781 -78.2666 2 1 0.250669
1810 -76.1327 2 1 13.4982
1971 -79.1955 1 5 28.439
2132 -78.4448 0 3 0.725631
711 -78.893 1 1 12.8144
781 -78.2666 2 1 0.249473
1810 -76.1327 2 1 13.4813
1971 -79.1955 1 5 28.5609
2132 -78.4448 0 3 0.722833
711 -78.893 1 1 12.7886
781 -78.2666 2 1 0.248695
1810 -76.1327 2 1 13.4462
1971 -79.1955 1 5 28.4911
2132 -78.4448 0 3 0.720344
711 -78.893 1 1 12.7814
781 -78.2666 2 1 0.247739
1810 -76.1327 2 1 13.6635
1971 -79.1955 1 5 28.4383
2132 -78.4448 0 3 0.743632
711 -78.893 1 1 12.7446
781 -78.2666 2 1 0.246896
1810 -76.1327 2 1 13.6264
1971 -79.1955 1 5 28.346
2132 -78.4448 0 3 0.740507
711 -78.893 1 1 12.7704
781 -78.2666 2 1 0.246257
1810 -76.1327 2 1 13.7884
1971 -79.1955 1 5 28.701
2132 -78.4448 0 3 0.738225
711 -78.893 1 1 12.7181
781 -78.2666 2 1 0.245404
1810 -76.1327 2 1 13.7439
1971 -79.1955 1 5 28.6735
2132 -78.4448 0 3 0.735571
711 -78.893 1 1 12.9118
781 -78.2666 2 1 0.244597
1810 -76.1327 2 1 13.768
1971 -79.1955 1 5 28.7691
2132 -78.4448 0 3 0.733158
711 -78.893 1 1 12.8788
781 -78.2666 2 1 0.243644
1810 -76.1327 2 1 13.7043
1971 -79.1955 1 5 28.6656
2132 -78.4448 0 3 0.73186
711 -78.893 1 1 12.9226
781 -78.2666 2 1 0.242812
1810 -76.1327 2 1 13.6797
1971 -79.1955 1 5 28.7147
2132 -78.4448 0 3 0.736842
711 -78.893 1 1 12.9068
781 -78.2666 2 1 0.241997
1810 -76.1327 2 1 13.6186
1971 -79.1955 1 5 28.5897
2132 -78.4448 0 3 0.734951
711 -78.893 1 1 12.848
781 -78.2666 2 1 0.241297
1810 -76.1327 2 1 13.6125
1971 -79.1955 1 5 28.6663
2132 -78.4448 0 3 0.740474
711 -78.893 1 1 12.8028
781 -78.2666 2 1 0.240522
1810 -76.1327 2 1 13.5579
1971 -79.1955 1 5 28.5966
2132 -78.4448 0 3 0.739047
711 -78.893 1 1 12.7699
781 -78.2666 2 1 0.239653
1810 -76.1327 2 1 13.6702
1971 -79.1955 1 5 28.507
2132 -78.4448 0 3 0.735691
711 -78.893 1 1 12.7278
781 -78.2666 2 1 0.239074
1810 -76.1327 2 1 13.6191
1971 -79.1955 1 5 28.4054
2132 -78.4448 0 3 0.732898
711 -78.893 1 1 12.7769
781 -78.2666 2 1 0.23812
1810 -76.1327 2 1 13.6244
1971 -79.1955 1 5 28.4528
2132 -78.4448 0 3 0.755379
711 -78.893 1 1 12.7518
781 -78.2666 2 1 0.237336
1810 -76.1327 2 1 13.5564
1971 -79.1955 1 5 28.3109
2132 -78.4448 0 3 0.754019
711 -78.893 1 1 12.7342
781 -78.2666 2 1 0.244562
1810 -76.1327 2 1 13.565
1971 -79.1955 1 5 28.4303
2132 -78.4448 0 3 0.750841
711 -78.893 1 1 12.6943
781 -78.2666 2 1 0.243815
1810 -76.1327 2 1 13.5211
1971 -79.1955 1 5 28.2915
2132 -78.4448 0 3 0.747749
711 -78.893 1 1 12.7019
781 -78.2666 2 1 0.243133
1810 -76.1327 2 1 13.5058
1971 -79.1955 1 5 28.543
2132 -78.4448 0 3 0.753635
711 -78.893 1 1 12.6524
781 -78.2666 2 1 0.242277
1810 -76.1327 2 1 13.4438
1971 -79.1955 1 5 28.4514
2132 -78.4448 0 3 0.751804
711 -78.893 1 1 12.6895
781 -78.2666 2 1 0.249646
1810 -76.1327 2 1 13.4219
1971 -79.1955 1 5 28.5555
2132 -78.4448 0 3 0.773513
711 -78.893 1 1 12.6512
781 -78.2666 2 1 0.249097
1810 -76.1327 2 1 13.3547
1971 -79.1955 1 5 28.4678
2132 -78.4448 0 3 0.770521
711 -78.893 1 1 12.6149
781 -78.2666 2 1 0.248017
1810 -76.1327 2 1 13.3717
1971 -79.1955 1 5 28.4903
2132 -78.4448 0 3 0.775924
711 -78.893 1 1 12.5685
781 -78.2666 2 1 0.247156
1810 -76.1327 2 1 13.3176
1971 -79.1955 1 5 28.3929
2132 -78.4448 0 3 0.773289
711 -78.893 1 1 12.8036
781 -78.2666 2 1 0.246652
1810 -76.1327 2 1 13.3394
1971 -79.1955 1 5 28.5251
2132 -78.4448 0 3 0.770703
711 -78.893 1 1 12.7504
781 -78.2666 2 1 0.245605
1810 -76.1327 2 1 13.3084
1971 -79.1955 1 5 28.399
2132 -78.4448 0 3 0.769444
711 -78.893 1 1 12.7415
781 -78.2666 2 1 0.244768
1810 -76.1327 2 1 13.4833
1971 -79.1955 1 5 28.3591
2132 -78.4448 0 3 0.765801
711 -78.893 1 1 12.7204
781 -78.2666 2 1 0.244133
1810 -76.1327 2 1 13.4489
1971 -79.1955 1 5 28.2547
2132 -78.4448 0 3 0.763895
711 -78.893 1 1 12.8311
781 -78.2666 2 1 0.243237
1810 -76.1327 2 1 13.4082
1971 -79.1955 1 5 28.3505
2132 -78.4448 0 3 0.776997
711 -78.893 1 1 12.8056
781 -78.2666 2 1 0.24257
1810 -76.1327 2 1 13.3596
1971 -79.1955 1 5 28.2792
2132 -78.4448 0 3 0.775439
711 -78.893 1 1 12.7625
781 -78.2666 2 1 0.241912
1810 -76.1327 2 1 13.5096
1971 -79.1955 1 5 28.5877
2132 -78.4448 0 3 0.780163
711 -78.893 1 1 12.7238
781 -78.2666 2 1 0.241342
1810 -76.1327 2 1 13.4735
1971 -79.1955 1 5 28.5078
2132 -78.4448 0 3 0.778667
711 -78.893 1 1 12.8765
781 -78.2666 2 1 0.2404
1810 -76.1327 2 1 13.4773
1971 -79.1955 1 5 28.5877
2132 -78.4448 0 3 0.784055
711 -78.893 1 1 12.8419
781 -78.2666 2 1 0.239487
1810 -76.1327 2 1 13.4435
1971 -79.1955 1 5 28.5147
2132 -78.4448 0 3 0.780396
711 -78.893 1 1 12.9136
781 -78.2666 2 1 0.238913
1810 -76.1327 2 1 13.3977
1971 -79.1955 1 5 28.7418
2132 -78.4448 0 3 0.785497
711 -78.893 1 1 12.8867
781 -78.2666 2 1 0.238021
1810 -76.1327 2 1 13.3625
1971 -79.1955 1 5 28.6535
2132 -78.4448 0 3 0.783736
711 -78.893 1 1 12.8751
781 -78.2666 2 1 0.237493
1810 -76.1327 2 1 13.3392
1971 -79.1955 1 5 28.8974
2132 -78.4448 0 3 0.781057
711 -78.893 1 1 12.8099
781 -78.2666 2 1 0.236529
1810 -76.1327 2 1 13.3129
1971 -79.1955 1 5 28.8462
2132 -78.4448 0 3 0.778445
711 -78.893 1 1 12.8048
781 -78.2666 2 1 0.235794
1810 -76.1327 2 1 13.2863
1971 -79.1955 1 5 28.9975
2132 -78.4448 0 3 0.775943
711 -78.893 1 1 12.7726
781 -78.2666 2 1 0.235236
1810 -76.1327 2 1 13.2517
1971 -79.1955 1 5 28.8964
2132 -78.4448 0 3 0.773501
711 -78.893 1 1 12.8415
781 -78.2666 2 1 0.234448
1810 -76.1327 2 1 13.2383
1971 -79.1955 1 5 29.0161
2132 -78.4448 0 3 0.780222
711 -78.893 1 1 12.8123
781 -78.2666 2 1 0.233851
1810 -76.1327 2 1 13.2053
1971 -79.1955 1 5 28.9492
2132 -78.4448 0 3 0.777228
711 -78.893 1 1 12.802
781 -78.2666 2 1 0.233219
1810 -76.1327 2 1 13.1588
1971 -79.1955 1 5 28.9886
2132 -78.4448 0 3 0.781585
711 -78.893 1 1 12.7603
781 -78.2666 2 1 0.232338
1810 -76.1327 2 1 13.1228
1971 -79.1955 1 5 28.8844
2132 -78.4448 0 3 0.77972
711 -78.893 1 1 12.7434
781 -78.2666 2 1 0.231924
1810 -76.1327 2 1 13.1701
1971 -79.1955 1 5 29.1709
2132 -78.4448 0 3 0.785201
711 -78.893 1 1 12.6991
781 -78.2666 2 1 0.231052
1810 -76.1327 2 1 13.1215
1971 -79.1955 1 5 29.0588
2132 -78.4448 0 3 0.782181
711 -78.893 1 1 12.7853
781 -78.2666 2 1 0.237947
1810 -76.1327 2 1 13.0916
1971 -79.1955 1 5 29.3038
2132 -78.4448 0 3 0.779819
711 -78.893 1 1 12.7465
781 -78.2666 2 1 0.237006
1810 -76.1327 2 1 13.0523
1971 -79.1955 1 5 29.1908
2132 -78.4448 0 3 0.778344
711 -78.893 1 1 12.8753
781 -78.2666 2 1 0.236445
1810 -76.1327 2 1 13.0427
1971 -79.1955 1 5 29.4063
2132 -78.4448 0 3 0.783122
711 -78.893 1 1 12.8832
781 -78.2666 2 1 0.235743
1810 -76.1327 2 1 12.9986
1971 -79.1955 1 5 29.3194
2132 -78.4448 0 3 0.780494
711 -78.893 1 1 12.8885
781 -78.2666 2 1 0.234981
1810 -76.1327 2 1 13.1961
1971 -79.1955 1 5 29.7376
2132 -78.4448 0 3 0.7854
711 -78.893 1 1 12.8511
781 -78.2666 2 1 0.234208
1810 -76.1327 2 1 13.1676
1971 -79.1955 1 5 29.6275
2132 -78.4448 0 3 0.784006
711 -78.893 1 1 12.9512
781 -78.2666 2 1 0.233716
1810 -76.1327 2 1 13.2131
1971 -79.1955 1 5 29.5867
2132 -78.4448 0 3 0.788242
711 -78.893 1 1 12.9113
781 -78.2666 2 1 0.232894
1810 -76.1327 2 1 13.1921
1971 -79.1955 1 5 29.4998
2132 -78.4448 0 3 0.786611
711 -78.893 1 1 12.9773
781 -78.2666 2 1 0.246704
1810 -76.1327 2 1 13.1479
1971 -79.1955 1 5 29.8043
2132 -78.4448 0 3 0.783605
711 -78.893 1 1 12.9425
781 -78.2666 2 1 0.246133
1810 -76.1327 2 1 13.1085
1971 -79.1955 1 5 29.7292
2132 -78.4448 0 3 0.781993
711 -78.893 1 1 12.9182
781 -78.2666 2 1 0.245326
1810 -76.1327 2 1 13.1572
1971 -79.1955 1 5 29.7567
2132 -78.4448 0 3 0.787448
711 -78.893 1 1 12.891
781 -78.2666 2 1 0.244771
1810 -76.1327 2 1 13.1164
1971 -79.1955 1 5 29.6659
2132 -78.4448 0 3 0.784467
711 -78.893 1 1 13.1084
781 -78.2666 2 1 0.243809
1810 -76.1327 2 1 13.1847
1971 -79.1955 1 5 29.9645
2132 -78.4448 0 3 0.782164
711 -78.893 1 1 13.0772
781 -78.2666 2 1 0.24351
1810 -76.1327 2 1 13.1373
1971 -79.1955 1 5 29.8801
2132 -78.4448 0 3 0.780013
711 -78.893 1 1 13.1169
781 -78.2666 2 1 0.242541
1810 -76.1327 2 1 13.1217
1971 -79.1955 1 5 29.9349
2132 -78.4448 0 3 0.777438
711 -78.893 1 1 13.0785
781 -78.2666 2 1 0.241861
1810 -76.1327 2 1 13.0955
1971 -79.1955 1 5 29.8756
2132 -78.4448 0 3 0.776135
711 -78.893 1 1 13.0848
781 -78.2666 2 1 0.248143
1810 -76.1327 2 1 13.3341
1971 -79.1955 1 5 29.8873
2132 -78.4448 0 3 0.772921
711 -78.893 1 1 13.0513
781 -78.2666 2 1 0.247458
1810 -76.1327 2 1 13.2907
1971 -79.1955 1 5 29.8068
2132 -78.4448 0 3 0.771131
711 -78.893 1 1 13.1416
781 -78.2666 2 1 0.254271
1810 -76.1327 2 1 13.2708
1971 -79.1955 1 5 29.7498
2132 -78.4448 0 3 0.775774
711 -78.893 1 1 13.1045
781 -78.2666 2 1 0.253357
1810 -76.1327 2 1 13.2255
1971 -79.1955 1 5 29.6786
2132 -78.4448 0 3 0.773906
711 -78.893 1 1 13.247
781 -78.2666 2 1 0.252491
1810 -76.1327 2 1 13.2143
1971 -79.1955 1 5 29.7612
2132 -78.4448 0 3 0.771854
711 -78.893 1 1 13.1995
781 -78.2666 2 1 0.251876
1810 -76.1327 2 1 13.1883
1971 -79.1955 1 5 29.6752
2132 -78.4448 0 3 0.769183
711 -78.893 1 1 13.4807
781 -78.2666 2 1 0.258121
1810 -76.1327 2 1 13.1473
1971 -79.1955 1 5 29.8932
2132 -78.4448 0 3 0.767763
711 -78.893 1 1 13.4324
781 -78.2666 2 1 0.257564
1810 -76.1327 2 1 13.1038
1971 -79.1955 1 5 29.8241
2132 -78.4448 0 3 0.765263
711 -78.893 1 1 13.5358
781 -78.2666 2 1 0.256801
1810 -76.1327 2 1 13.1802
1971 -79.1955 1 5 30.0735
2132 -78.4448 0 3 0.763663
711 -78.893 1 1 13.5013
781 -78.2666 2 1 0.255954
1810 -76.1327 2 1 13.1359
1971 -79.1955 1 5 30.0088
2132 -78.4448 0 3 0.760801
711 -78.893 1 1 13.5306
781 -78.2666 2 1 0.262072
1810 -76.1327 2 1 13.2804
1971 -79.1955 1 5 30.2332
2132 -78.4448 0 3 0.759588
711 -78.893 1 1 13.5085
781 -78.2666 2 1 0.261337
1810 -76.1327 2 1 13.2516
1971 -79.1955 1 5 30.1429
2132 -78.4448 0 3 0.756248
711 -78.893 1 1 13.5105
781 -78.2666 2 1 0.274243
1810 -76.1327 2 1 13.2789
1971 -79.1955 1 5 30.1467
2132 -78.4448 0 3 0.754386
711 -78.893 1 1 13.464
781 -78.2666 2 1 0.273763
1810 -76.1327 2 1 13.2314
1971 -79.1955 1 5 30.094
2132 -78.4448 0 3 0.752704
711 -78.893 1 1 13.4666
781 -78.2666 2 1 0.27276
1810 -76.1327 2 1 13.212
1971 -79.1955 1 5 30.0821
2132 -78.4448 0 3 0.75048
711 -78.893 1 1 13.4334
781 -78.2666 2 1 0.272066
1810 -76.1327 2 1 13.166
1971 -79.1955 1 5 29.9921
2132 -78.4448 0 3 0.748383
711 -78.893 1 1 13.4641
781 -78.2666 2 1 0.271288
1810 -76.1327 2 1 13.1682
1971 -79.1955 1 5 30.2023
2132 -78.4448 0 3 0.754173
711 -78.893 1 1 13.4271
781 -78.2666 2 1 0.270595
1810 -76.1327 2 1 13.1405
1971 -79.1955 1 5 30.1434
2132 -78.4448 0 3 0.751213
711 -78.893 1 1 13.44
781 -78.2666 2 1 0.270103
1810 -76.1327 2 1 13.1172
1971 -79.1955 1 5 30.3614
2132 -78.4448 0 3 0.748896
711 -78.893 1 1 13.3899
781 -78.2666 2 1 0.269216
1810 -76.1327 2 1 13.0977
1971 -79.1955 1 5 30.2933
2132 -78.4448 0 3 0.746883
711 -78.893 1 1 13.6238
781 -78.2666 2 1 0.268818
1810 -76.1327 2 1 13.2173
1971 -79.1955 1 5 30.2613
2132 -78.4448 0 3 0.745074
711 -78.893 1 1 13.5873
781 -78.2666 2 1 0.26766
1810 -76.1327 2 1 13.1757
1971 -79.1955 1 5 30.1802
2132 -78.4448 0 3 0.742862
711 -78.893 1 1 13.5568
781 -78.2666 2 1 0.273649
1810 -76.1327 2 1 13.288
1971 -79.1955 1 5 30.1932
2132 -78.4448 0 3 0.741085
711 -78.893 1 1 13.5204
781 -78.2666 2 1 0.272958
1810 -76.1327 2 1 13.263
1971 -79.1955 1 5 30.1316
2132 -78.4448 0 3 0.739517
711 -78.893 1 1 13.4684
781 -78.2666 2 1 0.272232
1810 -76.1327 2 1 13.2586
1971 -79.1955 1 5 30.1659
2132 -78.4448 0 3 0.743592
711 -78.893 1 1 13.4423
781 -78.2666 2 1 0.271523
1810 -76.1327 2 1 13.2303
1971 -79.1955 1 5 30.0479
2132 -78.4448 0 3 0.741471
711 -78.893 1 1 13.5817
781 -78.2666 2 1 0.277327
1810 -76.1327 2 1 13.19
1971 -79.1955 1 5 30.1205
2132 -78.4448 0 3 0.746997
711 -78.893 1 1 13.5714
781 -78.2666 2 1 0.276802
1810 -76.1327 2 1 13.168
1971 -79.1955 1 5 30.0351
2132 -78.4448 0 3 0.744424
711 -78.893 1 1 13.6003
781 -78.2666 2 1 0.275972
1810 -76.1327 2 1 13.2624
1971 -79.1955 1 5 30.1331
2132 -78.4448 0 3 0.743124
711 -78.893 1 1 13.5759
781 -78.2666 2 1 0.275289
1810 -76.1327 2 1 13.2266
1971 -79.1955 1 5 30.0333
2132 -78.4448 0 3 0.740401
711 -78.893 1 1 13.5435
781 -78.2666 2 1 0.274801
1810 -76.1327 2 1 13.3627
1971 -79.1955 1 5 30.1959
2132 -78.4448 0 3 0.738427
711 -78.893 1 1 13.5074
781 -78.2666 2 1 0.274079
1810 -76.1327 2 1 13.32
1971 -79.1955 1 5 30.096
2132 -78.4448 0 3 0.737074
711 -78.893 1 1 13.8002
781 -78.2666 2 1 0.273356
1810 -76.1327 2 1 13.3555
1971 -79.1955 1 5 30.1277
2132 -78.4448 0 3 0.734496
711 -78.893 1 1 13.7611
781 -78.2666 2 1 0.272287
1810 -76.1327 2 1 13.324
1971 -79.1955 1 5 30.0204
2132 -78.4448 0 3 0.732599
711 -78.893 1 1 13.7731
781 -78.2666 2 1 0.271689
1810 -76.1327 2 1 13.2898
1971 -79.1955 1 5 30.1236
2132 -78.4448 0 3 0.731545
711 -78.893 1 1 13.7213
781 -78.2666 2 1 0.270999
1810 -76.1327 2 1 13.238
1971 -79.1955 1 5 30.051
2132 -78.4448 0 3 0.729023
711 -78.893 1 1 13.6999
781 -78.2666 2 1 0.270445
1810 -76.1327 2 1 13.3321
1971 -79.1955 1 5 30.1578
2132 -78.4448 0 3 0.727334
711 -78.893 1 1 13.6631
781 -78.2666 2 1 0.269613
1810 -76.1327 2 1 13.2829
1971 -79.1955 1 5 30.1084
2132 -78.4448 0 3 0.725182
711 -78.893 1 1 13.6264
781 -78.2666 2 1 0.268827
1810 -76.1327 2 1 13.3368
1971 -79.1955 1 5 30.1308
2132 -78.4448 0 3 0.723887
711 -78.893 1 1 13.5991
781 -78.2666 2 1 0.268317
1810 -76.1327 2 1 13.3046
1971 -79.1955 1 5 30.0213
2132 -78.4448 0 3 0.722569
711 -78.893 1 1 13.603
781 -78.2666 2 1 0.267448
1810 -76.1327 2 1 13.3126
1971 -79.1955 1 5 30.047
2132 -78.4448 0 3 0.720783
711 -78.893 1 1 13.5546
781 -78.2666 2 1 0.267201
1810 -76.1327 2 1 13.2666
1971 -79.1955 1 5 29.9559
2132 -78.4448 0 3 0.718
711 -78.893 1 1 13.5207
781 -78.2666 2 1 0.279119
1810 -76.1327 2 1 13.2746
1971 -79.1955 1 5 29.9122
2132 -78.4448 0 3 0.722503
711 -78.893 1 1 13.5056
781 -78.2666 2 1 0.278088
1810 -76.1327 2 1 13.2208
1971 -79.1955 1 5 29.8525
2132 -78.4448 0 3 0.720531
711 -78.893 1 1 13.4568
781 -78.2666 2 1 0.277582
1810 -76.1327 2 1 13.2641
1971 -79.1955 1 5 29.9401
2132 -78.4448 0 3 0.725557
711 -78.893 1 1 13.4233
781 -78.2666 2 1 0.276681
1810 -76.1327 2 1 13.2269
1971 -79.1955 1 5 29.8278
2132 -78.4448 0 3 0.72374
711 -78.893 1 1 13.3863
781 -78.2666 2 1 0.276199
1810 -76.1327 2 1 13.6739
1971 -79.1955 1 5 29.8104
2132 -78.4448 0 3 0.72858
711 -78.893 1 1 13.352
781 -78.2666 2 1 0.275532
1810 -76.1327 2 1 13.6323
1971 -79.1955 1 5 29.7486
2132 -78.4448 0 3 0.726035
711 -78.893 1 1 13.4093
781 -78.2666 2 1 0.280822
1810 -76.1327 2 1 13.6821
1971 -79.1955 1 5 29.7663
2132 -78.4448 0 3 0.724532
711 -78.893 1 1 13.374
781 -78.2666 2 1 0.28038
1810 -76.1327 2 1 13.6372
1971 -79.1955 1 5 29.6537
2132 -78.4448 0 3 0.7231
711 -78.893 1 1 13.3591
781 -78.2666 2 1 0.285897
1810 -76.1327 2 1 13.7479
1971 -79.1955 1 5 29.6585
2132 -78.4448 0 3 0.720437
711 -78.893 1 1 13.3251
781 -78.2666 2 1 0.284966
1810 -76.1327 2 1 13.7018
1971 -79.1955 1 5 29.5571
2132 -78.4448 0 3 0.718599
711 -78.893 1 1 13.3216
781 -78.2666 2 1 0.284252
1810 -76.1327 2 1 13.8226
1971 -79.1955 1 5 29.6051
2132 -78.4448 0 3 0.716748
711 -78.893 1 1 13.2968
781 -78.2666 2 1 0.283769
1810 -76.1327 2 1 13.7892
1971 -79.1955 1 5 29.5102
2132 -78.4448 0 3 0.715879
711 -78.893 1 1 13.29
781 -78.2666 2 1 0.283224
1810 -76.1327 2 1 13.7789
1971 -79.1955 1 5 29.5592
2132 -78.4448 0 3 0.713372
711 -78.893 1 1 13.2554
781 -78.2666 2 1 0.282407
1810 -76.1327 2 1 13.7395
1971 -79.1955 1 5 29.5077
2132 -78.4448 0 3 0.712202
711 -78.893 1 1 13.4032
781 -78.2666 2 1 0.281921
1810 -76.1327 2 1 13.7947
1971 -79.1955 1 5 29.5031
2132 -78.4448 0 3 0.710579
711 -78.893 1 1 13.3546
781 -78.2666 2 1 0.280835
1810 -76.1327 2 1 13.7705
1971 -79.1955 1 5 29.4292
2132 -78.4448 0 3 0.708015
711 -78.893 1 1 13.4502
781 -78.2666 2 1 0.28629
1810 -76.1327 2 1 13.7669
1971 -79.1955 1 5 29.6343
2132 -78.4448 0 3 0.706376
711 -78.893 1 1 13.4273
781 -78.2666 2 1 0.285521
1810 -76.1327 2 1 13.7418
1971 -79.1955 1 5 29.5586
2132 -78.4448 0 3 0.704954
711 -78.893 1 1 13.5473
781 -78.2666 2 1 0.28505
1810 -76.1327 2 1 13.765
1971 -79.1955 1 5 29.5621
2132 -78.4448 0 3 0.703221
711 -78.893 1 1 13.4988
781 -78.2666 2 1 0.284101
1810 -76.1327 2 1 13.73
1971 -79.1955 1 5 29.4808
2132 -78.4448 0 3 0.701384
711 -78.893 1 1 13.4956
781 -78.2666 2 1 0.28969
1810 -76.1327 2 1 13.7093
1971 -79.1955 1 5 29.5336
2132 -78.4448 0 3 0.699624
711 -78.893 1 1 13.4803
781 -78.2666 2 1 0.288786
1810 -76.1327 2 1 13.6673
1971 -79.1955 1 5 29.4595
2132 -78.4448 0 3 0.698626
711 -78.893 1 1 13.4623
781 -78.2666 2 1 0.288059
1810 -76.1327 2 1 13.7446
1971 -79.1955 1 5 29.4905
2132 -78.4448 0 3 0.708601
711 -78.893 1 1 13.4214
781 -78.2666 2 1 0.287554
1810 -76.1327 2 1 13.7126
1971 -79.1955 1 5 29.3851
2132 -78.4448 0 3 0.706576
711 -78.893 1 1 13.3841
781 -78.2666 2 1 0.287108
1810 -76.1327 2 1 13.8594
1971 -79.1955 1 5 29.7549
2132 -78.4448 0 3 0.704907
711 -78.893 1 1 13.3542
781 -78.2666 2 1 0.28643
1810 -76.1327 2 1 13.826
1971 -79.1955 1 5 29.6833
2132 -78.4448 0 3 0.703332
711 -78.893 1 1 13.4118
781 -78.2666 2 1 0.285546
1810 -76.1327 2 1 13.7856
1971 -79.1955 1 5 29.7298
2132 -78.4448 0 3 0.701682
711 -78.893 1 1 13.3869
781 -78.2666 2 1 0.284761
1810 -76.1327 2 1 13.7629
1971 -79.1955 1 5 29.6555
2132 -78.4448 0 3 0.700211
711 -78.893 1 1 13.368
781 -78.2666 2 1 0.28412
1810 -76.1327 2 1 13.7254
1971 -79.1955 1 5 30.054
2132 -78.4448 0 3 0.698226
711 -78.893 1 1 13.325
781 -78.2666 2 1 0.283294
1810 -76.1327 2 1 13.6872
1971 -79.1955 1 5 29.9977
2132 -78.4448 0 3 0.697474
711 -78.893 1 1 13.3648
781 -78.2666 2 1 0.283008
1810 -76.1327 2 1 13.8152
1971 -79.1955 1 5 30.0701
2132 -78.4448 0 3 0.695324
711 -78.893 1 1 13.3453
781 -78.2666 2 1 0.282097
1810 -76.1327 2 1 13.7816
1971 -79.1955 1 5 29.9991
2132 -78.4448 0 3 0.693575
711 -78.893 1 1 13.346
781 -78.2666 2 1 0.281807
1810 -76.1327 2 1 13.7668
1971 -79.1955 1 5 30.0012
2132 -78.4448 0 3 0.692069
711 -78.893 1 1 13.3024
781 -78.2666 2 1 0.280846
1810 -76.1327 2 1 13.7295
1971 -79.1955 1 5 29.9313
2132 -78.4448 0 3 0.690817
711 -78.893 1 1 13.3537
781 -78.2666 2 1 0.286261
1810 -76.1327 2 1 13.7685
1971 -79.1955 1 5 29.954
2132 -78.4448 0 3 0.688395
711 -78.893 1 1 13.3302
781 -78.2666 2 1 0.285411
1810 -76.1327 2 1 13.7399
1971 -79.1955 1 5 29.9141
2132 -78.4448 0 3 0.687383
711 -78.893 1 1 13.3152
781 -78.2666 2 1 0.284555
1810 -76.1327 2 1 13.8932
1971 -79.1955 1 5 29.9455
2132 -78.4448 0 3 0.696817
711 -78.893 1 1 13.2889
781 -78.2666 2 1 0.284036
1810 -76.1327 2 1 13.8566
1971 -79.1955 1 5 29.8921
2132 -78.4448 0 3 0.695227
711 -78.893 1 1 13.3154
781 -78.2666 2 1 0.289056
1810 -76.1327 2 1 13.8576
1971 -79.1955 1 5 29.9706
2132 -78.4448 0 3 0.699779
711 -78.893 1 1 13.2694
781 -78.2666 2 1 0.288336
1810 -76.1327 2 1 13.8275
1971 -79.1955 1 5 29.8856
2132 -78.4448 0 3 0.697871
711 -78.893 1 1 13.2678
781 -78.2666 2 1 0.287633
1810 -76.1327 2 1 13.7895
1971 -79.1955 1 5 29.9534
2132 -78.4448 0 3 0.696518
711 -78.893 1 1 13.2229
781 -78.2666 2 1 0.287042
1810 -76.1327 2 1 13.7682
1971 -79.1955 1 5 29.8863
2132 -78.4448 0 3 0.694541
711 -78.893 1 1 13.2487
781 -78.2666 2 1 0.286689
1810 -76.1327 2 1 13.7527
1971 -79.1955 1 5 29.9536
2132 -78.4448 0 3 0.699027
711 -78.893 1 1 13.2046
781 -78.2666 2 1 0.285747
1810 -76.1327 2 1 13.7165
1971 -79.1955 1 5 29.8513
2132 -78.4448 0 3 0.697187
711 -78.893 1 1 13.1762
781 -78.2666 2 1 0.285044
1810 -76.1327 2 1 13.7433
1971 -79.1955 1 5 29.9391
2132 -78.4448 0 3 0.701382
711 -78.893 1 1 13.1559
781 -78.2666 2 1 0.284472
1810 -76.1327 2 1 13.7098
1971 -79.1955 1 5 29.9078
2132 -78.4448 0 3 0.700482
711 -78.893 1 1 13.1943
781 -78.2666 2 1 0.284172
1810 -76.1327 2 1 13.7419
1971 -79.1955 1 5 29.9449
2132 -78.4448 0 3 0.698761
711 -78.893 1 1 13.1731
781 -78.2666 2 1 0.283383
1810 -76.1327 2 1 13.7071
1971 -79.1955 1 5 29.8372
2132 -78.4448 0 3 0.69693
711 -78.893 1 1 13.2277
781 -78.2666 2 1 0.28268
1810 -76.1327 2 1 13.685
1971 -79.1955 1 5 29.9544
2132 -78.4448 0 3 0.701001
711 -78.893 1 1 13.1967
781 -78.2666 2 1 0.282034
1810 -76.1327 2 1 13.6473
1971 -79.1955 1 5 29.8763
2132 -78.4448 0 3 0.699341
711 -78.893 1 1 13.2133
781 -78.2666 2 1 0.281178
1810 -76.1327 2 1 13.6869
1971 -79.1955 1 5 30.0211
2132 -78.4448 0 3 0.698004
711 -78.893 1 1 13.1924
781 -78.2666 2 1 0.280878
1810 -76.1327 2 1 13.6543
1971 -79.1955 1 5 29.9677
2132 -78.4448 0 3 0.695743
711 -78.893 1 1 13.1732
781 -78.2666 2 1 0.285521
1810 -76.1327 2 1 13.6796
1971 -79.1955 1 5 29.9771
2132 -78.4448 0 3 0.694378
711 -78.893 1 1 13.1462
781 -78.2666 2 1 0.284991
1810 -76.1327 2 1 13.6567
1971 -79.1955 1 5 29.8817
2132 -78.4448 0 3 0.693681
711 -78.893 1 1 13.1375
781 -78.2666 2 1 0.290064
1810 -76.1327 2 1 13.6265
1971 -79.1955 1 5 29.9003
2132 -78.4448 0 3 0.691516
711 -78.893 1 1 13.1104
781 -78.2666 2 1 0.289203
1810 -76.1327 2 1 13.5905
1971 -79.1955 1 5 29.814
2132 -78.4448 0 3 0.69017
711 -78.893 1 1 13.119
781 -78.2666 2 1 0.288617
1810 -76.1327 2 1 13.5527
1971 -79.1955 1 5 29.8236
2132 -78.4448 0 3 0.704817
711 -78.893 1 1 13.0837
781 -78.2666 2 1 0.287936
1810 -76.1327 2 1 13.5241
1971 -79.1955 1 5 29.7483
2132 -78.4448 0 3 0.703621
711 -78.893 1 1 13.1434
781 -78.2666 2 1 0.287437
1810 -76.1327 2 1 13.5693
1971 -79.1955 1 5 29.7167
2132 -78.4448 0 3 0.701696
711 -78.893 1 1 13.1226
781 -78.2666 2 1 0.286683
1810 -76.1327 2 1 13.5376
1971 -79.1955 1 5 29.6792
2132 -78.4448 0 3 0.700471
711 -78.893 1 1 13.1049
781 -78.2666 2 1 0.286193
1810 -76.1327 2 1 13.5435
1971 -79.1955 1 5 29.6761
2132 -78.4448 0 3 0.709622
711 -78.893 1 1 13.074
781 -78.2666 2 1 0.285382
1810 -76.1327 2 1 13.513
1971 -79.1955 1 5 29.6066
2132 -78.4448 0 3 0.708831
711 -78.893 1 1 13.0678
781 -78.2666 2 1 0.290269
1810 -76.1327 2 1 13.5818
1971 -79.1955 1 5 29.597
2132 -78.4448 0 3 0.717451
711 -78.893 1 1 13.0348
781 -78.2666 2 1 0.289639
1810 -76.1327 2 1 13.5481
1971 -79.1955 1 5 29.5275
2132 -78.4448 0 3 0.715887
711 -78.893 1 1 13.0732
781 -78.2666 2 1 0.294526
1810 -76.1327 2 1 13.5329
1971 -79.1955 1 5 29.7604
2132 -78.4448 0 3 0.714663
711 -78.893 1 1 13.0548
781 -78.2666 2 1 0.293853
1810 -76.1327 2 1 13.5085
1971 -79.1955 1 5 29.6665
2132 -78.4448 0 3 0.712782
711 -78.893 1 1 13.028
781 -78.2666 2 1 0.293221
1810 -76.1327 2 1 13.4791
1971 -79.1955 1 5 29.8267
2132 -78.4448 0 3 0.711628
711 -78.893 1 1 13.0075
781 -78.2666 2 1 0.292737
1810 -76.1327 2 1 13.4574
1971 -79.1955 1 5 29.7496
2132 -78.4448 0 3 0.709962
711 -78.893 1 1 13.0198
781 -78.2666 2 1 0.291962
1810 -76.1327 2 1 13.5661
1971 -79.1955 1 5 29.8811
2132 -78.4448 0 3 0.708485
711 -78.893 1 1 12.999
781 -78.2666 2 1 0.291339
1810 -76.1327 2 1 13.603
1971 -79.1955 1 5 29.8514
2132 -78.4448 0 3 0.707172
711 -78.893 1 1 13.059
781 -78.2666 2 1 0.290728
1810 -76.1327 2 1 13.6936
1971 -79.1955 1 5 29.9812
2132 -78.4448 0 3 0.705245
711 -78.893 1 1 13.0388
781 -78.2666 2 1 0.290036
1810 -76.1327 2 1 13.6697
1971 -79.1955 1 5 29.9469
2132 -78.4448 0 3 0.703798
711 -78.893 1 1 13.0345
781 -78.2666 2 1 0.29476
1810 -76.1327 2 1 13.8123
1971 -79.1955 1 5 29.8889
2132 -78.4448 0 3 0.702169
711 -78.893 1 1 13.0077
781 -78.2666 2 1 0.29426
1810 -76.1327 2 1 13.7695
1971 -79.1955 1 5 29.8213
2132 -78.4448 0 3 0.700604
711 -78.893 1 1 13.0199
781 -78.2666 2 1 0.293473
1810 -76.1327 2 1 13.7734
1971 -79.1955 1 5 29.9217
2132 -78.4448 0 3 0.699826
711 -78.893 1 1 12.9869
781 -78.2666 2 1 0.293192
1810 -76.1327 2 1 13.7543
1971 -79.1955 1 5 29.8448
2132 -78.4448 0 3 0.698151
711 -78.893 1 1 12.9913
781 -78.2666 2 1 0.292232
1810 -76.1327 2 1 13.7461
1971 -79.1955 1 5 29.8288
2132 -78.4448 0 3 0.696056
711 -78.893 1 1 12.9738
781 -78.2666 2 1 0.291668
1810 -76.1327 2 1 13.712
1971 -79.1955 1 5 29.731
2132 -78.4448 0 3 0.694666
711 -78.893 1 1 13.0018
781 -78.2666 2 1 0.291106
1810 -76.1327 2 1 13.9087
1971 -79.1955 1 5 29.7668
2132 -78.4448 0 3 0.693092
711 -78.893 1 1 12.9724
781 -78.2666 2 1 0.290497
1810 -76.1327 2 1 13.8766
1971 -79.1955 1 5 29.7023
2132 -78.4448 0 3 0.691985
711 -78.893 1 1 13.0513
781 -78.2666 2 1 0.289761
1810 -76.1327 2 1 13.8546
1971 -79.1955 1 5 29.7568
2132 -78.4448 0 3 0.695899
711 -78.893 1 1 13.0358
781 -78.2666 2 1 0.28917
1810 -76.1327 2 1 13.825
1971 -79.1955 1 5 29.6877
2132 -78.4448 0 3 0.694851
711 -78.893 1 1 13.1292
781 -78.2666 2 1 0.294097
1810 -76.1327 2 1 13.8556
1971 -79.1955 1 5 29.9454
2132 -78.4448 0 3 0.692807
711 -78.893 1 1 13.1081
781 -78.2666 2 1 0.293266
1810 -76.1327 2 1 13.8295
1971 -79.1955 1 5 29.8738
2132 -78.4448 0 3 0.691774
711 -78.893 1 1 13.1233
781 -78.2666 2 1 0.292988
1810 -76.1327 2 1 13.9569
1971 -79.1955 1 5 29.9539
2132 -78.4448 0 3 0.695947
711 -78.893 1 1 13.1014
781 -78.2666 2 1 0.292168
1810 -76.1327 2 1 13.9313
1971 -79.1955 1 5 29.9154
2132 -78.4448 0 3 0.693678
