ID  RSSI  Neighbors  Sources  Throughput
66 -79.6143 2 1 0
136 0 3 -1 0
206 -78.0387 3 1 0
276 0 3 -1 0
346 -76.3481 2 0 0
416 -78.7929 3 0 0
486 -79.3869 4 1 0
556 -81.4228 4 0 0
626 -75.0868 4 0 0
696 -80.7799 3 0 0
766 -77.5944 2 0 0
836 0 3 -1 0
3846 0 3 -1 0
4007 -80.1264 3 0 0
4168 -78.6007 2 1 0
66 -79.5241 2 2 0
136 -75.5795 3 0 0
206 -78.0387 3 1 0
276 -79.3102 3 2 0
346 -78.4079 2 1 0
416 -77.9168 3 3 0
486 -79.3869 4 1 0
556 -78.4277 4 1 0
626 -75.0868 4 0 0
696 -79.6536 3 2 0
766 -77.5944 2 0 0
836 -79.2213 3 2 0
3846 -79.2364 3 2 0
4007 -79.104 3 2 0
4168 -78.6007 2 1 0
66 -79.5241 2 2 0
136 -75.5795 3 0 0
206 -78.0387 3 1 0
276 -79.3102 3 2 0.875775
346 -78.4079 2 1 5.55272
416 -77.9168 3 3 7.50679
486 -79.3869 4 1 0
556 -78.4277 4 1 9.46935
626 -75.0868 4 0 0
696 -79.6536 3 2 2.07623
766 -77.5944 2 0 0
836 -79.2213 3 2 1.75818
3846 -79.2364 3 2 0
4007 -79.104 3 2 0.877485
4168 -78.6007 2 1 4.22253
66 -79.5241 2 2 0
136 -75.5795 3 0 0
206 -78.0387 3 1 0
276 -79.3102 3 2 0.674946
346 -78.4079 2 1 4.36495
416 -77.9168 3 3 5.40532
486 -79.3869 4 1 0
556 -78.4277 4 1 6.48893
626 -75.0868 4 0 0
696 -79.6536 3 2 1.35029
766 -77.5944 2 0 0
836 -79.2213 3 2 1.31786
3846 -79.2364 3 2 0
4007 -79.104 3 2 0.753378
4168 -78.6007 2 1 3.39226
136 -78.7671 2 1 0
206 -78.0387 3 1 0
276 -79.3102 3 2 2.08673
346 -78.4079 2 1 3.74488
416 -79.2262 2 4 7.51217
486 -79.3869 4 1 0
556 -78.4277 4 1 36.4343
626 -75.0868 4 0 0
696 -79.6536 3 2 1.1215
766 -77.5944 2 0 0
836 -79.2213 3 2 4.03967
3846 -79.2364 3 2 0
4007 -79.104 3 2 0.522633
4168 -78.6007 2 1 4.02306
136 -78.7671 2 1 0
206 -78.0387 3 1 0
276 -79.3102 3 2 1.689
346 -78.4079 2 1 2.98099
416 -79.2262 2 4 6.02114
486 -79.3869 4 1 0
556 -78.4277 4 1 34.0418
626 -75.0868 4 0 0
696 -79.6536 3 2 0.878175
766 -77.5944 2 0 0
836 -79.2213 3 2 3.34139
3846 -79.2364 3 2 0.945194
4007 -79.104 3 2 0.435199
4168 -78.6007 2 1 3.70705
136 -78.7671 2 1 0
206 -78.0387 3 1 0
276 -79.3102 3 2 1.78925
346 -78.4079 2 1 3.23716
416 -79.2262 2 4 8.29191
486 -79.3869 4 1 0
556 -78.4277 4 1 32.4134
626 -75.0868 4 0 0
696 -79.6536 3 2 2.7832
766 -77.5944 2 0 0
836 -79.2213 3 2 3.33331
3846 -79.2364 3 2 2.26402
4007 -79.104 3 2 0.372582
4168 -78.6007 2 1 2.91901
136 -78.7671 2 1 0
206 -78.0387 3 1 0
276 -79.3102 3 2 1.65305
346 -78.4079 2 1 2.96145
416 -79.2262 2 4 6.99417
486 -79.3869 4 1 0
556 -78.4277 4 1 27.1441
626 -75.0868 4 0 0
696 -79.6536 3 2 2.20105
766 -77.5944 2 0 0
836 -79.2213 3 2 3.10434
3846 -79.2364 3 2 1.8972
4007 -79.104 3 2 0.319954
4168 -78.6007 2 1 2.62406
136 -78.7671 2 1 0
206 -78.0387 3 1 0
276 -79.3102 3 2 1.70486
346 -78.4079 2 1 3.22184
416 -79.2262 2 4 8.09739
486 -79.3869 4 1 0
556 -78.4277 4 1 36.0889
626 -75.0868 4 0 0
696 -79.6536 3 2 2.53321
766 -77.5944 2 0 0
836 -79.2213 3 2 2.87542
3846 -79.2364 3 2 1.76205
4007 -79.104 3 2 0.282074
4168 -78.6007 2 1 2.38206
136 -78.7671 2 1 0
206 -78.0387 3 1 0
276 -79.3102 3 2 1.52741
346 -78.4079 2 1 2.9101
416 -79.2262 2 4 7.39655
486 -79.3869 4 1 0
556 -78.4277 4 1 33.3887
626 -75.0868 4 0 0
696 -79.6536 3 2 2.27476
766 -77.5944 2 0 0
836 -79.2213 3 2 2.54006
3846 -79.2364 3 2 1.52365
4007 -79.104 3 2 0.253651
4168 -78.6007 2 1 2.07151
206 -78.0387 2 1 0
276 -79.3102 3 2 1.41243
346 -78.4079 2 1 3.24781
416 -79.2262 2 4 7.57547
486 -79.3869 3 1 0
556 -78.4277 4 1 30.8224
626 -75.0868 4 0 0
696 -79.6536 3 2 2.75438
766 -77.5944 2 0 0
836 -79.2213 3 2 3.27263
3846 -79.2364 3 2 1.89409
4007 -79.104 3 2 0.230695
4168 -78.6007 2 1 2.75171
206 -78.0387 2 1 0
276 -79.3102 3 2 1.26651
346 -78.4079 2 1 2.96592
416 -79.2262 2 4 6.92596
486 -79.3869 3 1 0
556 -78.4277 4 1 26.7486
626 -75.0868 4 0 0
696 -79.6536 3 2 2.54416
766 -77.5944 2 0 0
836 -79.2213 3 2 2.94462
3846 -79.2364 3 2 1.67456
4007 -79.104 3 2 0.211812
4168 -78.6007 2 1 2.52032
206 -78.0387 2 1 1.82514
276 -79.3102 3 2 1.18077
346 -78.4079 2 1 3.29217
416 -79.2262 2 4 7.9899
486 -79.3869 3 1 0
556 -78.4277 4 1 32.7583
626 -75.0868 4 0 0
696 -79.6536 3 2 2.32885
766 -77.5944 2 0 0
836 -79.2213 3 2 3.01593
3846 -79.2364 3 2 1.54785
4007 -79.104 3 2 0.193003
4168 -78.6007 2 1 2.60527
206 -78.0387 2 1 17.9587
276 -79.3102 3 2 1.13054
346 -78.4079 2 1 3.04767
416 -79.2262 2 4 7.18977
486 -79.3869 3 1 0
556 -78.4277 4 1 31.0152
626 -75.0868 4 0 0
696 -79.6536 3 2 2.20279
766 -77.5944 2 0 0
836 -79.2213 3 2 2.72805
3846 -79.2364 3 2 1.43952
4007 -79.104 3 2 0.182709
4168 -78.6007 2 1 2.40849
206 -78.0387 2 1 18.2496
276 -79.3102 2 2 1.02128
346 -78.4079 2 1 5.40144
416 -79.2262 1 4 7.67756
486 -79.3869 3 1 0
556 -78.4277 3 1 31.0852
626 -75.0868 4 0 0
696 -79.6536 1 2 2.37516
766 -77.5944 2 0 0
836 -79.2213 2 2 2.6918
3846 -79.2364 3 2 1.67315
4007 -79.104 2 2 0.1734
4168 -78.6007 2 1 2.18513
206 -78.0387 2 1 38.8293
276 -79.3102 3 2 0.968785
346 -78.4079 2 1 5.18398
416 -79.2262 2 4 7.31692
486 -79.3869 3 1 0
556 -78.4277 4 1 28.5731
626 -75.0868 4 0 0
696 -79.6536 3 2 2.24388
766 -77.5944 2 0 0
836 -79.2213 3 2 2.56399
3846 -79.2364 3 2 1.58646
4007 -79.104 3 2 0.159692
4168 -78.6007 2 1 2.10582
206 -78.0801 2 2 37.951
276 -79.3102 3 2 1.03247
346 -78.4079 2 1 4.89889
416 -79.2262 1 4 7.71651
556 -78.4277 3 1 37.9346
626 -75.0868 4 0 0
696 -79.6536 3 2 2.1092
766 -77.5944 2 0 0
836 -79.2213 2 2 2.3629
3846 -79.2364 3 2 1.47375
4007 -79.104 3 2 0.147642
4168 -78.6007 2 1 2.66666
206 -78.0801 2 2 36.1063
276 -79.3102 3 2 0.98767
346 -78.4079 2 1 4.63365
416 -79.2262 1 4 7.16092
556 -78.4277 3 1 35.3324
626 -75.0868 4 0 0
696 -79.6536 3 2 1.97668
766 -77.5944 2 0 0
836 -79.2213 2 2 2.26515
3846 -79.2364 3 2 1.42538
4007 -79.104 3 2 0.141762
4168 -78.6007 2 1 2.55456
206 -78.0801 2 2 35.3105
276 -79.3102 3 2 0.931805
346 -78.4079 2 1 4.52265
416 -79.2262 1 4 7.03708
556 -78.4277 3 1 36.7024
626 -75.0868 4 0 0
696 -79.6536 3 2 2.12518
766 -77.5944 2 0 0
836 -79.2213 2 2 2.67931
3846 -79.2364 3 2 1.99408
4007 -79.104 3 2 0.133725
4168 -78.6007 2 1 2.39151
206 -78.0801 2 2 34.1451
276 -79.3102 3 2 0.887146
346 -78.4079 2 1 4.1988
416 -79.2262 1 4 6.63234
556 -78.4277 3 1 34.869
626 -75.0868 4 0 0
696 -79.6536 3 2 2.04758
766 -77.5944 2 0 0
836 -79.2213 2 2 2.50261
3846 -79.2364 3 2 1.92053
4007 -79.104 3 2 0.126149
4168 -78.6007 2 1 2.29466
206 -78.0801 2 2 35.5715
276 -79.3102 3 2 0.84068
346 -78.4079 2 1 4.05303
416 -79.2262 1 4 7.0258
556 -78.4277 3 1 33.5956
626 -75.0868 4 0 0
696 -79.6536 3 2 2.18524
766 -77.5944 2 0 0
836 -79.2213 2 2 2.7534
3846 -79.2364 3 2 1.78806
4007 -79.104 3 2 0.122948
4168 -78.6007 2 1 2.14932
206 -78.0801 2 2 33.7359
276 -79.3102 3 2 0.812381
346 -78.4079 2 1 3.92946
416 -79.2262 1 4 6.72383
556 -78.4277 3 1 32.4189
626 -75.0868 4 0 0
696 -79.6536 3 2 2.06174
766 -77.5944 2 0 0
836 -79.2213 2 2 2.66522
3846 -79.2364 3 2 1.72638
4007 -79.104 3 2 0.115646
4168 -78.6007 2 1 2.08067
206 -78.0801 2 2 34.4106
276 -79.3102 2 2 0.987523
346 -78.4079 2 1 3.77238
416 -79.2262 1 4 6.88544
556 -78.4277 2 1 37.4626
696 -79.6536 2 2 2.10794
766 -77.5944 2 0 0
836 -79.2213 2 2 2.62597
3846 -79.2364 3 2 1.64728
4007 -79.104 2 2 0.112249
4168 -78.6007 2 1 2.08487
206 -78.0801 2 2 32.6004
276 -79.3102 2 2 0.941321
346 -78.4079 2 1 3.55579
416 -79.2262 1 4 7.35119
556 -78.4277 2 1 35.9202
696 -79.6536 2 2 1.99627
766 -77.5944 2 0 0
836 -79.2213 2 2 2.5652
3846 -79.2364 3 2 1.59908
4007 -79.104 2 2 0.107393
4168 -78.6007 2 1 2.01089
206 -78.0801 2 2 36.2588
276 -79.3102 2 2 1.10602
346 -78.4079 2 1 3.40728
416 -79.2262 1 4 7.85167
556 -78.4277 1 1 41.5311
696 -79.6536 2 2 2.00372
766 -77.5944 2 0 0
836 -79.2213 1 2 2.61362
3846 -79.2364 3 2 1.73216
4007 -79.104 1 2 0.100581
4168 -78.6007 2 1 2.32994
206 -78.0801 2 2 35.3118
276 -79.3102 2 2 1.07098
346 -78.4079 2 1 3.31228
416 -79.2262 1 4 7.39782
556 -78.4277 2 1 47.227
696 -79.6536 2 2 1.93304
766 -77.5944 2 0 0
836 -79.2213 2 2 2.52167
3846 -79.2364 3 2 1.64439
4007 -79.104 2 2 0.0968206
4168 -78.6007 2 1 2.22009
206 -78.0801 1 2 34.2916
276 -79.3102 1 2 1.30589
346 -78.4079 1 1 3.19442
416 -79.2262 1 4 7.32352
556 -78.4277 1 1 53.0036
696 -79.6536 1 2 1.98864
766 -77.5944 2 0 0
836 -79.2213 1 2 2.44977
3846 -79.2364 3 2 1.70356
4007 -79.104 1 2 0.0940475
4168 -78.6007 2 1 2.42254
206 -78.0801 2 2 39.8294
276 -79.3102 2 2 1.25911
346 -78.4079 2 1 3.04339
416 -79.2262 1 4 7.14709
556 -78.4277 2 1 50.9165
696 -79.6536 2 2 1.88002
766 -77.5944 2 0 0
836 -79.2213 2 2 2.33216
3846 -79.2364 3 2 1.61537
4007 -79.104 2 2 0.0908428
4168 -78.6007 2 1 2.34205
206 -78.0801 2 2 39.8143
276 -79.3102 2 2 1.49007
346 -78.4079 2 1 3.05537
416 -79.2262 0 4 7.35012
556 -78.4277 2 1 55.8237
696 -79.6536 1 2 1.92823
836 -79.2213 1 2 2.71485
3846 -79.2364 3 2 2.17512
4007 -79.104 1 2 0.0867316
4168 -78.6007 2 1 2.3489
206 -78.0801 2 2 38.7238
276 -79.3102 2 2 1.43062
346 -78.4079 2 1 2.92837
416 -79.2262 0 4 7.10584
556 -78.4277 2 1 56.1816
696 -79.6536 2 2 1.84424
836 -79.2213 1 2 2.58791
3846 -79.2364 3 2 2.10023
4007 -79.104 2 2 0.0842435
4168 -78.6007 2 1 2.27516
206 -78.0801 2 2 39.4897
276 -79.3102 2 2 2.10509
346 -78.4079 2 1 3.02321
416 -79.2262 0 4 7.29755
556 -78.4277 2 1 56.6696
696 -79.6536 2 2 1.79577
836 -79.2213 1 2 2.68146
3846 -79.2364 3 2 2.18015
4007 -79.104 2 2 0.0828424
4168 -78.6007 2 1 2.74814
206 -78.0801 2 2 37.972
276 -79.3102 2 2 2.05024
346 -78.4079 2 1 2.90615
416 -79.2262 0 4 7.14364
556 -78.4277 2 1 54.457
696 -79.6536 2 2 1.73281
836 -79.2213 1 2 2.62731
3846 -79.2364 3 2 2.11446
4007 -79.104 2 2 0.0784413
4168 -78.6007 2 1 2.68126
206 -78.0801 2 2 38.194
276 -79.3102 2 2 2.06916
346 -78.4079 2 1 3.20939
416 -79.2262 0 4 7.52945
556 -78.4277 2 1 58.5073
696 -79.6536 2 2 2.06218
836 -79.2213 1 2 2.59006
3846 -79.2364 3 2 2.06403
4007 -79.104 2 2 0.076758
4168 -78.6007 2 1 2.85435
206 -78.0801 2 2 37.3467
276 -79.3102 2 2 1.99338
346 -78.4079 2 1 3.14869
416 -79.2262 0 4 7.38065
556 -78.4277 2 1 56.7638
696 -79.6536 2 2 2.02309
836 -79.2213 1 2 2.51081
3846 -79.2364 3 2 1.99056
4007 -79.104 2 2 0.0741963
4168 -78.6007 2 1 2.7308
206 -78.0801 2 2 38.3357
276 -79.3102 2 2 2.03058
346 -78.4079 2 1 3.01573
416 -79.2262 0 4 7.72946
556 -78.9681 2 2 59.3669
696 -79.8164 2 3 2.30619
836 -79.2213 1 2 2.43701
3846 -79.2364 1 2 1.94266
4168 -78.6007 1 1 2.93912
206 -78.0801 2 2 41.0579
276 -79.3102 2 2 1.95687
346 -78.4079 2 1 2.96062
416 -79.2262 0 4 7.49886
556 -78.9681 2 2 63.621
696 -79.8164 2 3 2.23071
836 -79.2213 1 2 2.381
3846 -79.2364 2 2 1.88072
4168 -78.6007 1 1 2.85781
206 -78.0801 2 2 45.7002
276 -79.3102 2 2 1.89975
346 -78.4079 2 1 3.00126
416 -79.2262 0 4 7.63015
556 -78.9681 2 2 63.8734
696 -79.8164 2 3 2.25812
836 -79.2213 1 2 2.38517
3846 -79.2364 2 2 1.90203
4168 -78.6007 1 1 2.98429
206 -78.0801 2 2 43.9947
276 -79.3102 2 2 1.85669
346 -78.4079 2 1 2.90307
416 -79.2262 0 4 7.41576
556 -78.9681 2 2 62.1523
696 -79.8164 2 3 2.18493
836 -79.2213 1 2 2.32046
3846 -79.2364 2 2 1.85438
4168 -78.6007 1 1 2.93012
206 -78.0801 2 2 46.4224
276 -79.3102 2 2 1.95398
346 -78.4079 2 1 2.96269
416 -79.2262 0 4 8.05377
556 -78.9681 2 2 62.444
696 -79.8164 2 3 2.11834
836 -79.2213 1 2 2.24782
3846 -79.2364 2 2 1.93663
4168 -78.6007 1 1 2.8246
206 -78.0801 2 2 45.1615
276 -79.3102 2 2 1.88604
346 -78.4079 2 1 2.8867
416 -79.2262 0 4 7.88981
556 -78.9681 2 2 61.2834
696 -79.8164 2 3 2.07484
836 -79.2213 1 2 2.23249
3846 -79.2364 2 2 1.87982
4168 -78.6007 1 1 2.77279
206 -78.0801 2 2 47.6818
276 -79.3102 2 2 1.85278
346 -78.4079 2 1 2.95751
416 -79.2262 0 4 7.97456
556 -78.9681 1 2 62.2897
696 -79.8164 2 3 2.39335
836 -79.0807 0 3 2.13669
4168 -78.6007 1 1 2.86025
206 -78.0801 2 2 46.585
276 -79.3102 2 2 1.79903
346 -78.4079 2 1 2.87184
416 -79.2262 0 4 7.83865
556 -78.9681 1 2 61.6391
696 -79.8164 2 3 2.32546
836 -79.0807 0 3 2.10368
4168 -78.6007 1 1 2.78243
206 -78.0801 2 2 46.7619
276 -79.3102 2 2 1.76856
346 -78.4079 2 1 3.00899
416 -79.2262 0 4 7.93958
556 -78.9681 1 2 60.114
696 -79.8164 2 3 2.75593
836 -79.0807 0 3 2.29931
4168 -78.6007 1 1 2.92347
206 -78.0801 2 2 45.921
276 -79.3102 2 2 1.72872
346 -78.4079 2 1 2.9019
416 -79.2262 0 4 7.74685
556 -78.9681 1 2 58.9669
696 -79.8164 2 3 2.69003
836 -79.0807 0 3 2.21934
4168 -78.6007 1 1 2.86068
206 -78.0801 2 2 46.9907
276 -79.3102 2 2 1.73007
346 -78.4079 2 1 3.00308
416 -79.2262 0 4 7.84496
556 -78.9681 1 2 57.8391
696 -79.8164 2 3 2.75552
836 -79.0807 0 3 2.22483
4168 -78.6007 1 1 2.78157
206 -78.0801 2 2 46.4692
276 -79.3102 2 2 1.70959
346 -78.4079 2 1 2.95326
416 -79.2262 0 4 7.71104
556 -78.9681 1 2 56.8919
696 -79.8164 2 3 2.67341
836 -79.0807 0 3 2.1871
4168 -78.6007 1 1 2.74504
206 -78.0801 2 2 49.9531
276 -79.3102 2 2 1.70987
346 -78.4079 2 1 2.88592
416 -79.2262 0 4 7.66631
556 -78.9681 1 2 56.5078
696 -79.8164 2 3 2.72696
836 -79.0807 0 3 2.13501
4168 -78.6007 1 1 2.73039
206 -78.0801 2 2 48.9286
276 -79.3102 2 2 1.67913
346 -78.4079 2 1 2.84054
416 -79.2262 0 4 7.54351
556 -78.9681 1 2 54.838
696 -79.8164 2 3 2.66637
836 -79.0807 0 3 2.08764
4168 -78.6007 1 1 2.69797
206 -78.0801 2 2 48.4789
276 -79.3102 2 2 1.63576
346 -78.4079 2 1 2.96822
416 -79.2262 0 4 8.2446
556 -78.9681 1 2 56.6918
696 -79.8164 2 3 2.70743
836 -79.0807 0 3 2.26506
4168 -78.6007 1 1 2.62055
206 -78.0801 2 2 47.2539
276 -79.3102 2 2 1.61263
346 -78.4079 2 1 2.90682
416 -79.2262 0 4 8.04525
556 -78.9681 1 2 57.8556
696 -79.8164 2 3 2.68614
836 -79.0807 0 3 2.22385
4168 -78.6007 1 1 2.55341
206 -78.0801 2 2 46.9238
276 -79.3102 2 2 1.7224
346 -78.4079 2 1 2.8994
416 -79.2262 0 4 7.9357
556 -78.9681 1 2 58.6392
696 -79.8164 2 3 2.71269
836 -79.0807 0 3 2.21657
4168 -78.6007 1 1 2.7668
206 -78.0801 2 2 45.6897
276 -79.3102 2 2 1.70332
346 -78.4079 2 1 2.8437
416 -79.2262 0 4 7.78283
556 -78.9681 1 2 57.3262
696 -79.8164 2 3 2.64742
836 -79.0807 0 3 2.16789
4168 -78.6007 1 1 2.69755
206 -78.0801 2 2 46.1357
276 -79.3102 2 2 1.65341
346 -78.4079 2 1 2.79264
416 -79.2262 0 4 8.13382
556 -78.9681 1 2 59.3836
696 -79.8164 2 3 2.63249
836 -79.0807 0 3 2.46725
4168 -78.6007 1 1 2.66491
206 -78.0801 2 2 44.905
276 -79.3102 2 2 1.62993
346 -78.4079 2 1 2.74098
416 -79.2262 0 4 8.01968
556 -78.9681 1 2 58.8871
696 -79.8164 2 3 2.54957
836 -79.0807 0 3 2.41726
4168 -78.6007 1 1 2.62097
206 -78.0801 2 2 44.7328
276 -79.3102 2 2 1.63921
346 -78.4079 2 1 2.70884
416 -79.2262 0 4 8.64912
556 -78.9681 1 2 58.2036
696 -79.8164 2 3 2.55064
836 -79.0807 0 3 2.61799
4168 -78.6007 1 1 2.55955
206 -78.0801 2 2 43.7928
276 -79.3102 2 2 1.61799
346 -78.4079 2 1 2.64198
416 -79.2262 0 4 8.45814
556 -78.9681 1 2 57.3358
696 -79.8164 2 3 2.50364
836 -79.0807 0 3 2.57565
4168 -78.6007 1 1 2.50918
206 -78.0801 2 2 43.9549
276 -79.3102 2 2 1.80355
346 -78.4079 2 1 2.59185
416 -79.2262 0 4 8.52909
556 -78.9681 1 2 57.8068
696 -79.8164 2 3 2.65373
836 -79.0807 0 3 2.55476
4168 -78.6007 1 1 2.45957
206 -78.0801 2 2 44.2008
276 -79.3102 2 2 1.78103
346 -78.4079 2 1 2.55315
416 -79.2262 0 4 8.28543
556 -78.9681 1 2 56.7835
696 -79.8164 2 3 2.59207
836 -79.0807 0 3 2.50942
4168 -78.6007 1 1 2.42051
206 -78.0801 2 2 44.572
276 -79.3102 2 2 1.78259
346 -78.4079 2 1 2.69758
416 -79.2262 0 4 8.57318
556 -78.9681 1 2 58.2018
696 -79.8164 2 3 2.5931
836 -79.0807 0 3 2.48484
4168 -78.6007 1 1 2.44361
206 -78.0801 2 2 43.899
276 -79.3102 2 2 1.7557
346 -78.4079 2 1 2.6407
416 -79.2262 0 4 8.4364
556 -78.9681 1 2 57.2483
696 -79.8164 2 3 2.54598
836 -79.0807 0 3 2.42411
4168 -78.6007 1 1 2.38615
206 -78.0801 2 2 44.9872
276 -79.3102 2 2 1.77374
346 -78.4079 2 1 2.66935
416 -79.2262 0 4 8.53776
556 -78.9681 1 2 58.2132
696 -79.8164 2 3 2.80069
836 -79.0807 0 3 2.46139
4168 -78.6007 1 1 2.3511
206 -78.0801 2 2 44.3142
276 -79.3102 2 2 1.75172
346 -78.4079 2 1 2.63291
416 -79.2262 0 4 8.4334
556 -78.9681 1 2 57.1175
696 -79.8164 2 3 2.74977
836 -79.0807 0 3 2.42515
4168 -78.6007 1 1 2.31025
206 -78.0801 2 2 45.5434
276 -79.3102 2 2 1.75059
346 -78.4079 2 1 2.66229
416 -79.2262 0 4 8.45728
556 -78.9681 1 2 56.8413
696 -79.8164 2 3 2.84341
836 -79.0807 0 3 2.78306
4168 -78.6007 1 1 2.28245
206 -78.0801 2 2 46.2799
276 -79.3102 2 2 1.7343
346 -78.4079 2 1 2.62319
416 -79.2262 0 4 8.35957
556 -78.9681 1 2 55.6833
696 -79.8164 2 3 2.77699
836 -79.0807 0 3 2.73799
4168 -78.6007 1 1 2.25078
206 -78.0801 2 2 46.5276
276 -79.3102 2 2 1.73298
346 -78.4079 2 1 2.63828
416 -79.2262 0 4 8.91677
556 -78.9681 1 2 56.825
696 -79.8164 2 3 2.75633
836 -79.0807 0 3 2.69926
4168 -78.6007 1 1 2.55114
206 -78.0801 2 2 45.8696
276 -79.3102 2 2 1.71552
346 -78.4079 2 1 2.6046
416 -79.2262 0 4 8.82912
556 -78.9681 1 2 59.3085
696 -79.8164 2 3 2.70029
836 -79.0807 0 3 2.65656
4168 -78.6007 1 1 2.50752
206 -78.0801 2 2 45.8033
276 -79.3102 2 2 1.83774
346 -78.4079 2 1 2.57875
416 -79.2262 0 4 8.72952
556 -78.9681 1 2 59.3701
696 -79.8164 2 3 2.82524
836 -79.0807 0 3 2.81557
4168 -78.6007 1 1 2.5059
206 -78.0801 2 2 45.0977
276 -79.3102 2 2 1.80908
346 -78.4079 2 1 2.55182
416 -79.2262 0 4 8.58119
556 -78.9681 1 2 58.2032
696 -79.8164 2 3 2.76282
836 -79.0807 0 3 2.7692
4168 -78.6007 1 1 2.47263
206 -78.0801 2 2 47.3238
276 -79.3102 2 2 1.78831
346 -78.4079 2 1 2.52483
416 -79.2262 0 4 8.78869
556 -78.9681 1 2 57.5695
696 -79.8164 2 3 2.83459
836 -79.0807 0 3 3.16503
4168 -78.6007 1 1 2.50331
206 -78.0801 2 2 47.5877
276 -79.3102 2 2 1.76803
346 -78.4079 2 1 2.47329
416 -79.2262 0 4 8.66941
556 -78.9681 1 2 56.5598
696 -79.8164 2 3 2.80221
836 -79.0807 0 3 3.11407
4168 -78.6007 1 1 2.46948
206 -78.0801 2 2 48.4513
276 -79.3102 2 2 1.91192
346 -78.4079 2 1 2.73094
416 -79.2262 0 4 9.01036
556 -78.9681 1 2 57.4975
696 -79.8164 2 3 2.82754
836 -79.0807 0 3 3.2126
4168 -78.6007 1 1 2.44605
206 -78.0801 2 2 49.5391
276 -79.3102 2 2 1.89091
346 -78.4079 2 1 2.68426
416 -79.2262 0 4 8.83093
556 -78.9681 1 2 56.635
696 -79.8164 2 3 2.78109
836 -79.0807 0 3 3.16982
4168 -78.6007 1 1 2.40458
206 -78.0801 2 2 49.0413
276 -79.3102 2 2 1.89186
346 -78.4079 2 1 2.74836
416 -79.2262 0 4 9.32972
556 -78.9681 1 2 56.3691
696 -79.8164 2 3 2.95786
836 -79.0807 0 3 3.31833
4168 -78.6007 1 1 2.412
206 -78.0801 2 2 48.3926
276 -79.3102 2 2 1.86487
346 -78.4079 2 1 2.72135
416 -79.2262 0 4 9.22485
556 -78.9681 1 2 55.2259
696 -79.8164 2 3 2.92595
836 -79.0807 0 3 3.26074
4168 -78.6007 1 1 2.37085
206 -78.0801 2 2 48.449
276 -79.3102 2 2 1.8453
346 -78.4079 2 1 2.77005
416 -79.2262 0 4 9.4313
556 -78.9681 1 2 54.915
696 -79.8164 2 3 2.89326
836 -79.0807 0 3 3.2782
4168 -78.6007 1 1 2.51802
206 -78.0801 2 2 47.9303
276 -79.3102 2 2 1.81215
346 -78.4079 2 1 2.75394
416 -79.2262 0 4 9.23048
556 -78.9681 1 2 54.371
696 -79.8164 2 3 2.83764
836 -79.0807 0 3 3.22966
4168 -78.6007 1 1 2.4913
206 -78.0801 2 2 47.2869
276 -79.3102 2 2 2.01941
346 -78.4079 2 1 2.9114
416 -79.2262 0 4 9.51451
556 -78.9681 1 2 54.2188
696 -79.8164 2 3 2.97583
836 -79.0807 0 3 3.23801
4168 -78.6007 1 1 2.67841
206 -78.0801 2 2 46.7192
276 -79.3102 2 2 1.99562
346 -78.4079 2 1 2.87221
416 -79.2262 0 4 9.37142
556 -78.9681 1 2 53.3197
696 -79.8164 2 3 2.92237
836 -79.0807 0 3 3.17884
4168 -78.6007 1 1 2.63344
206 -78.0801 1 2 46.5797
276 -79.3102 2 2 2.06112
346 -78.4079 1 1 2.85559
416 -79.2262 0 4 9.27661
556 -78.9681 1 2 56.713
696 -79.8164 2 3 2.98305
836 -79.0807 0 3 3.20546
4168 -78.6007 1 1 2.67525
206 -78.0801 1 2 47.5158
276 -79.3102 2 2 2.03706
346 -78.4079 1 1 2.82933
416 -79.2262 0 4 9.20594
556 -78.9681 1 2 60.8297
696 -79.8164 2 3 2.94555
836 -79.0807 0 3 3.16134
4168 -78.6007 1 1 2.64419
206 -78.0801 1 2 47.2589
276 -79.3102 2 2 2.04334
346 -78.4079 1 1 2.93575
416 -79.2262 0 4 9.30794
556 -78.9681 1 2 62.3926
696 -79.8164 1 3 2.95056
836 -79.0807 0 3 3.24941
4168 -78.6007 1 1 2.59751
206 -78.0801 2 2 46.3209
276 -79.3102 2 2 2.02319
346 -78.4079 2 1 2.91008
416 -79.2262 0 4 9.16422
556 -78.9681 1 2 66.2233
696 -79.8164 2 3 2.91328
836 -79.0807 0 3 3.22865
4168 -78.6007 1 1 2.577
206 -78.0801 2 2 46.86
276 -79.3102 2 2 2.02566
346 -78.4079 2 1 2.95641
416 -79.2262 0 4 9.18059
556 -78.9681 1 2 66.4611
696 -79.8164 2 3 2.93035
836 -79.0807 0 3 3.64414
4168 -78.6007 1 1 2.62748
206 -78.0801 2 2 46.4515
276 -79.3102 2 2 2.00293
346 -78.4079 2 1 2.94194
416 -79.2262 0 4 9.08686
556 -78.9681 1 2 65.6743
696 -79.8164 2 3 2.89394
836 -79.0807 0 3 3.58206
4168 -78.6007 1 1 2.6088
206 -78.0801 2 2 48.8024
276 -79.3102 2 2 1.98386
346 -78.4079 2 1 2.98451
416 -79.2262 0 4 9.26521
556 -78.9681 1 2 66.4307
696 -79.8164 2 3 2.97984
836 -79.0807 0 3 3.6935
4168 -78.6007 1 1 2.56799
206 -78.0801 2 2 48.2134
276 -79.3102 2 2 1.95243
346 -78.4079 2 1 2.9481
416 -79.2262 0 4 9.15927
556 -78.9681 1 2 65.781
696 -79.8164 2 3 2.9617
836 -79.0807 0 3 3.64129
4168 -78.6007 1 1 2.53201
206 -78.0801 2 2 49.7088
276 -79.3102 1 2 2.07545
346 -78.4079 2 1 2.91141
416 -79.2262 0 4 9.27048
556 -78.9681 1 2 65.5651
696 -79.8164 1 3 3.05531
836 -79.0807 0 3 3.90202
4168 -78.6007 1 1 2.5108
206 -78.0801 2 2 51.0319
276 -79.3102 2 2 2.05565
346 -78.4079 2 1 2.88122
416 -79.2262 0 4 9.1816
556 -78.9681 1 2 64.8083
696 -79.8164 2 3 3.02887
836 -79.0807 0 3 3.84412
4168 -78.6007 1 1 2.47719
206 -78.0801 2 2 52.8106
276 -79.3102 2 2 2.06267
346 -78.4079 2 1 3.00967
416 -79.2262 0 4 9.51409
556 -78.9681 1 2 65.1126
696 -79.8164 2 3 2.98955
836 -79.0807 0 3 3.85858
4168 -78.6007 1 1 2.45566
206 -78.0801 2 2 52.2421
276 -79.3102 2 2 2.03348
346 -78.4079 2 1 2.97617
416 -79.2262 0 4 9.38392
556 -78.9681 1 2 64.6126
696 -79.8164 2 3 2.95064
836 -79.0807 0 3 3.82339
4168 -78.6007 1 1 2.42569
206 -78.0801 2 2 51.6967
276 -79.3102 2 2 2.04068
346 -78.4079 2 1 2.97144
416 -79.2262 0 4 9.60927
556 -78.9681 1 2 63.7674
696 -79.8164 2 3 3.01255
836 -79.0807 0 3 3.89504
4168 -78.6007 1 1 2.53206
206 -78.0801 2 2 51.1409
276 -79.3102 2 2 2.01713
346 -78.4079 2 1 2.942
416 -79.2262 0 4 9.43912
556 -78.9681 1 2 63.0085
696 -79.8164 2 3 2.96715
836 -79.0807 0 3 3.85631
4168 -78.6007 1 1 2.51892
206 -78.0801 2 2 50.9833
276 -79.3102 2 2 2.02563
346 -78.4079 2 1 2.99789
416 -79.2262 0 4 9.51407
556 -78.9681 1 2 63.5674
696 -79.8164 2 3 3.01952
836 -79.0807 0 3 4.06875
4168 -78.6007 1 1 2.50974
206 -78.0801 2 2 50.2436
276 -79.3102 2 2 2.00921
346 -78.4079 2 1 2.95677
416 -79.2262 0 4 9.38957
556 -78.9681 1 2 64.688
696 -79.8164 2 3 2.9939
836 -79.0807 0 3 4.0408
4168 -78.6007 1 1 2.48755
206 -78.0801 2 2 51.6851
276 -79.3102 2 2 1.98138
346 -78.4079 2 1 2.92765
416 -79.2262 0 4 9.5428
556 -78.9681 1 2 64.0988
696 -79.8164 2 3 2.98961
836 -79.0807 0 3 4.06186
4168 -78.6007 1 1 2.45823
206 -78.0801 2 2 51.3644
276 -79.3102 2 2 1.96062
346 -78.4079 2 1 2.89523
416 -79.2262 0 4 9.38682
556 -78.9681 1 2 63.6153
696 -79.8164 2 3 2.95027
836 -79.0807 0 3 4.02801
4168 -78.6007 1 1 2.43283
206 -78.0801 2 2 52.4857
276 -79.3102 2 2 2.02363
346 -78.4079 2 1 3.04432
416 -79.2262 0 4 9.57374
556 -78.9681 1 2 63.1275
696 -79.8164 2 3 2.95453
836 -79.0807 0 3 4.12957
4168 -78.6007 1 1 2.45364
206 -78.0801 2 2 52.0731
276 -79.3102 2 2 1.99226
346 -78.4079 2 1 3.01338
416 -79.2262 0 4 9.4607
556 -78.9681 1 2 62.5305
696 -79.8164 2 3 2.92214
836 -79.0807 0 3 4.08847
4168 -78.6007 1 1 2.43558
206 -78.0801 2 2 51.8917
276 -79.3102 2 2 1.9987
346 -78.4079 2 1 3.07465
416 -79.2262 0 4 9.48973
556 -78.9681 1 2 62.5901
696 -79.8164 2 3 3.10185
836 -79.0807 0 3 4.10026
4168 -78.6007 1 1 2.51545
206 -78.0801 2 2 51.2059
276 -79.3102 2 2 1.97851
346 -78.4079 2 1 3.03288
416 -79.2262 0 4 9.36944
556 -78.9681 1 2 62.2285
696 -79.8164 2 3 3.06393
836 -79.0807 0 3 4.06745
4168 -78.6007 1 1 2.48742
206 -78.0801 2 2 51.483
276 -79.3102 2 2 1.95835
346 -78.4079 2 1 3.00319
416 -79.2262 0 4 9.46841
556 -78.9681 1 2 62.8547
696 -79.8164 2 3 3.07906
836 -79.0807 0 3 4.13889
4168 -78.6007 1 1 2.53066
206 -78.0801 2 2 50.9056
276 -79.3102 2 2 1.94812
346 -78.4079 2 1 2.97494
416 -79.2262 0 4 9.35691
556 -78.9681 1 2 62.3721
696 -79.8164 2 3 3.04612
836 -79.0807 0 3 4.08073
4168 -78.6007 1 1 2.50551
206 -78.0801 2 2 50.8246
276 -79.3102 2 2 1.92137
346 -78.4079 2 1 2.96941
416 -79.2262 0 4 9.43307
556 -78.9681 1 2 61.9662
696 -79.8164 2 3 3.16946
836 -79.0807 0 3 4.10566
4168 -78.6007 1 1 2.48882
206 -78.0801 2 2 50.335
276 -79.3102 2 2 1.91365
346 -78.4079 2 1 2.9492
416 -79.2262 0 4 9.31572
556 -78.9681 1 2 61.2607
696 -79.8164 2 3 3.13562
836 -79.0807 0 3 4.04854
4168 -78.6007 1 1 2.45534
206 -78.0801 2 2 49.8855
276 -79.3102 2 2 1.88756
346 -78.4079 2 1 2.9402
416 -79.2262 0 4 9.39155
556 -78.9681 1 2 61.7026
696 -79.8164 2 3 3.13472
836 -79.0807 0 3 4.01985
4168 -78.6007 1 1 2.52926
206 -78.0801 2 2 49.3853
276 -79.3102 2 2 1.86531
346 -78.4079 2 1 2.91886
416 -79.2262 0 4 9.35025
556 -78.9681 1 2 60.9038
696 -79.8164 2 3 3.10592
836 -79.0807 0 3 3.96621
4168 -78.6007 1 1 2.51819
206 -78.0801 2 2 49.4649
276 -79.3102 2 2 1.94887
346 -78.4079 2 1 3.17334
416 -79.2262 0 4 9.24135
556 -78.9681 1 2 60.3807
696 -79.8164 2 3 3.3227
836 -79.0807 0 3 4.12333
4168 -78.6007 1 1 2.50689
206 -78.0801 2 2 49.1819
276 -79.3102 2 2 1.93288
346 -78.4079 2 1 3.31703
416 -79.2262 0 4 9.16646
556 -78.9681 1 2 59.8238
696 -79.8164 2 3 3.30657
836 -79.0807 0 3 4.08654
4168 -78.6007 1 1 2.48177
206 -78.0801 2 2 50.4432
276 -79.3102 2 2 1.90576
346 -78.4079 2 1 3.43561
416 -79.2262 0 4 9.41371
556 -78.9681 1 2 59.5902
696 -79.8164 2 3 3.2687
836 -79.0807 0 3 4.08161
4168 -78.6007 1 1 2.64525
206 -78.0801 2 2 49.9748
276 -79.3102 2 2 1.88848
346 -78.4079 2 1 3.3983
416 -79.2262 0 4 9.29882
556 -78.9681 1 2 58.9938
696 -79.8164 2 3 3.23735
836 -79.0807 0 3 4.0303
4168 -78.6007 1 1 2.62654
206 -78.0801 2 2 50.1539
276 -79.3102 2 2 1.90504
346 -78.4079 2 1 3.45251
416 -79.2262 0 4 9.3593
556 -78.9681 1 2 60.304
696 -79.8164 2 3 3.22848
836 -79.0807 0 3 4.08515
4168 -78.6007 1 1 2.66138
206 -78.0801 2 2 49.6175
276 -79.3102 2 2 1.87787
346 -78.4079 2 1 3.41944
416 -79.2262 0 4 9.28155
556 -78.9681 1 2 60.9297
696 -79.8164 2 3 3.21015
836 -79.0807 0 3 4.02756
4168 -78.6007 1 1 2.64556
206 -78.0801 2 2 51.4111
276 -79.3102 2 2 1.86132
346 -78.4079 2 1 3.53249
416 -79.2262 0 4 9.26388
556 -78.9681 1 2 60.4985
696 -79.8164 2 3 3.2143
836 -79.0807 0 3 4.0391
4168 -78.6007 1 1 2.69068
206 -78.0801 2 2 50.981
276 -79.3102 2 2 1.84809
346 -78.4079 2 1 3.50242
416 -79.2262 0 4 9.16164
556 -78.9681 1 2 59.7245
696 -79.8164 2 3 3.18921
836 -79.0807 0 3 4.0002
4168 -78.6007 1 1 2.67382
206 -78.0801 2 2 50.5895
276 -79.3102 2 2 1.85422
346 -78.4079 2 1 3.50349
416 -79.2262 0 4 9.27288
556 -78.9681 1 2 59.818
696 -79.8164 2 3 3.20734
836 -79.0807 0 3 4.05758
4168 -78.6007 1 1 2.65895
206 -78.0801 2 2 50.0861
276 -79.3102 2 2 1.84187
346 -78.4079 2 1 3.48347
416 -79.2262 0 4 9.23493
556 -78.9681 1 2 59.2327
696 -79.8164 2 3 3.18743
836 -79.0807 0 3 4.0181
4168 -78.6007 1 1 2.63524
206 -78.0801 2 2 50.2357
276 -79.3102 2 2 1.82682
346 -78.4079 2 1 3.52845
416 -79.2262 0 4 9.25822
556 -78.9681 1 2 58.797
696 -79.8164 2 3 3.25746
836 -79.0807 0 3 4.00805
4168 -78.6007 1 1 2.63155
206 -78.0801 2 2 49.8783
276 -79.3102 2 2 1.80682
346 -78.4079 2 1 3.48116
416 -79.2262 0 4 9.18884
556 -78.9681 1 2 58.2686
696 -79.8164 2 3 3.231
836 -79.0807 0 3 3.97873
4168 -78.6007 1 1 2.617
206 -78.0801 2 2 49.2659
276 -79.3102 2 2 1.79775
346 -78.4079 2 1 3.60631
416 -79.2262 0 4 9.16309
556 -78.9681 1 2 59.2951
696 -79.8164 2 3 3.24456
836 -79.0807 0 3 4.00554
4168 -78.6007 1 1 2.78051
206 -78.0801 2 2 48.9123
276 -79.3102 2 2 1.77444
346 -78.4079 2 1 3.57202
416 -79.2262 0 4 9.07679
556 -78.9681 1 2 58.8613
696 -79.8164 2 3 3.22257
836 -79.0807 0 3 3.97233
4168 -78.6007 1 1 2.75839
206 -78.0801 2 2 48.7786
276 -79.3102 2 2 1.76044
346 -78.4079 2 1 3.59213
416 -79.2262 0 4 9.04457
556 -78.9681 1 2 58.568
696 -79.8164 2 3 3.21283
836 -79.0807 0 3 4.04212
4168 -78.6007 1 1 2.81458
206 -78.0801 2 2 48.4909
276 -79.3102 2 2 1.74622
346 -78.4079 2 1 3.55788
416 -79.2262 0 4 8.98845
556 -78.9681 1 2 58.1797
696 -79.8164 2 3 3.1822
836 -79.0807 0 3 4.01059
4168 -78.6007 1 1 2.80194
206 -78.0801 2 2 48.132
276 -79.3102 2 2 1.7318
346 -78.4079 2 1 3.62546
416 -79.2262 0 4 8.89683
556 -78.9681 1 2 57.7423
696 -79.8164 2 3 3.53205
836 -79.0807 0 3 4.02555
4168 -78.6007 1 1 2.7697
206 -78.0801 2 2 47.692
276 -79.3102 2 2 1.7199
346 -78.4079 2 1 3.60507
416 -79.2262 0 4 8.84482
556 -78.9681 1 2 57.2131
696 -79.8164 2 3 3.49499
836 -79.0807 0 3 3.97727
4168 -78.6007 1 1 2.7465
206 -78.0801 2 2 47.7019
276 -79.3102 2 2 1.80648
346 -78.4079 2 1 3.6382
416 -79.2262 0 4 8.90295
556 -78.9681 1 2 57.4959
696 -79.8164 2 3 3.63389
836 -79.0807 0 3 4.00484
4168 -78.6007 1 1 2.83391
206 -78.0801 2 2 47.3173
276 -79.3102 2 2 1.79231
346 -78.4079 2 1 3.59987
416 -79.2262 0 4 8.85456
556 -78.9681 1 2 57.2494
696 -79.8164 2 3 3.59612
836 -79.0807 0 3 3.98536
4168 -78.6007 1 1 2.80472
206 -78.0801 2 2 47.757
276 -79.3102 2 2 1.77438
346 -78.4079 2 1 3.57149
416 -79.2262 0 4 9.06731
556 -78.9681 1 2 57.8864
696 -79.8164 1 3 3.57453
836 -79.0807 0 3 3.94804
4168 -78.6007 1 1 2.86103
206 -78.0801 2 2 47.4183
276 -79.3102 2 2 1.76057
346 -78.4079 2 1 3.53938
416 -79.2262 0 4 8.96681
556 -78.9681 1 2 58.5815
696 -79.8164 2 3 3.5466
836 -79.0807 0 3 3.91877
4168 -78.6007 1 1 2.84669
206 -78.0801 2 2 47.6024
276 -79.3102 2 2 1.75083
346 -78.4079 2 1 3.52224
416 -79.2262 0 4 8.9713
556 -78.9681 1 2 58.135
696 -79.8164 2 3 3.82664
836 -79.0807 0 3 3.98335
4168 -78.6007 1 1 2.91049
206 -78.0801 2 2 47.3987
276 -79.3102 2 2 1.73368
346 -78.4079 2 1 3.48905
416 -79.2262 0 4 8.89489
556 -78.9681 1 2 57.7262
696 -79.8164 2 3 3.79523
836 -79.0807 0 3 3.94891
4168 -78.6007 1 1 2.89072
206 -78.0801 2 2 47.8587
276 -79.3102 2 2 1.91586
346 -78.4079 2 1 3.53599
416 -79.2262 0 4 8.97487
556 -78.9681 1 2 57.5244
696 -79.8164 2 3 3.82471
836 -79.0807 0 3 3.97309
4168 -78.6007 1 1 2.8938
206 -78.0801 2 2 47.4105
276 -79.3102 2 2 1.90117
346 -78.4079 2 1 3.51804
416 -79.2262 0 4 8.87233
556 -78.9681 1 2 57.0214
696 -79.8164 2 3 3.79656
836 -79.0807 0 3 3.92608
4168 -78.6007 1 1 2.86573
206 -78.0801 2 2 47.2333
276 -79.3102 2 2 1.95679
346 -78.4079 2 1 3.63237
416 -79.2262 0 4 8.81109
556 -78.9681 1 2 57.3028
696 -79.8164 2 3 3.80177
836 -79.0807 0 3 3.91527
4168 -78.6007 1 1 2.85783
206 -78.0801 2 2 46.8922
276 -79.3102 2 2 1.94796
346 -78.4079 2 1 3.60435
416 -79.2262 0 4 8.74597
556 -78.9681 1 2 57.0727
696 -79.8164 2 3 3.78368
836 -79.0807 0 3 3.89704
4168 -78.6007 1 1 2.82463
206 -78.0801 1 2 47.6732
276 -79.3102 1 2 1.94884
346 -78.4079 2 1 3.64192
416 -79.2262 0 4 8.85351
556 -78.9681 1 2 58.1178
696 -79.8164 1 3 3.78852
836 -79.0807 0 3 3.87549
4168 -78.6007 1 1 2.82264
206 -78.0801 2 2 48.2673
276 -79.3102 2 2 1.9423
346 -78.4079 2 1 3.61117
416 -79.2262 0 4 8.76369
556 -78.9681 1 2 58.2675
696 -79.8164 2 3 3.75565
836 -79.0807 0 3 3.85015
4168 -78.6007 1 1 2.80742
206 -78.0801 2 2 48.7578
276 -79.3102 2 2 1.9234
346 -78.4079 2 1 3.58342
416 -79.2262 0 4 8.92836
556 -78.9681 1 2 59.1849
696 -79.8164 2 3 3.83641
836 -79.0807 0 3 3.96369
4168 -78.6007 1 1 2.85907
206 -78.0801 2 2 48.5024
276 -79.3102 2 2 1.90943
346 -78.4079 2 1 3.55724
416 -79.2262 0 4 8.88677
556 -78.9681 1 2 58.879
696 -79.8164 2 3 3.81519
836 -79.0807 0 3 3.93701
4168 -78.6007 1 1 2.83631
206 -78.0801 2 2 49.6911
276 -79.3102 2 2 1.95122
346 -78.4079 2 1 3.55031
416 -79.2262 0 4 8.84094
556 -78.9681 1 2 58.7957
696 -79.8164 2 3 3.78762
836 -79.0807 0 3 3.93287
4168 -78.6007 1 1 2.82876
206 -78.0801 2 2 49.7229
276 -79.3102 2 2 1.93484
346 -78.4079 2 1 3.52143
416 -79.2262 0 4 8.81414
556 -78.9681 1 2 58.4894
696 -79.8164 2 3 3.75411
836 -79.0807 0 3 3.90346
4168 -78.6007 1 1 2.8188
206 -78.0801 2 2 49.6053
276 -79.3102 2 2 1.93898
346 -78.4079 2 1 3.51477
416 -79.2262 0 4 8.86824
556 -78.9681 1 2 58.6676
696 -79.8164 2 3 3.79231
836 -79.0807 0 3 4.05679
4168 -78.6007 1 1 2.80653
206 -78.0801 2 2 49.3304
276 -79.3102 2 2 1.92169
346 -78.4079 2 1 3.48962
416 -79.2262 0 4 8.80544
556 -78.9681 1 2 58.2346
696 -79.8164 2 3 3.75668
836 -79.0807 0 3 4.01902
4168 -78.6007 1 1 2.79346
206 -78.0801 1 2 49.4188
276 -79.3102 2 2 1.91268
346 -78.4079 2 1 3.47114
416 -79.2262 0 4 8.8282
556 -78.9681 1 2 58.3172
696 -79.8164 1 3 3.83471
836 -79.0807 0 3 4.18354
4168 -78.6007 1 1 2.78442
206 -78.0801 2 2 51.7094
276 -79.3102 2 2 1.89539
346 -78.4079 2 1 3.44503
416 -79.2262 0 4 8.75967
556 -78.9681 1 2 58.0708
696 -79.8164 2 3 3.80901
836 -79.0807 0 3 4.15626
4168 -78.6007 1 1 2.76547
206 -78.0801 2 2 51.6379
276 -79.3102 2 2 1.88265
346 -78.4079 2 1 3.44517
416 -79.2262 0 4 8.97658
556 -78.9681 1 2 58.4714
696 -79.8164 2 3 3.79574
836 -79.0807 0 3 4.2194
4168 -78.6007 1 1 2.76243
206 -78.0801 2 2 51.0952
276 -79.3102 2 2 1.86989
346 -78.4079 2 1 3.42014
416 -79.2262 0 4 8.88675
556 -78.9681 1 2 58.0996
696 -79.8164 2 3 3.75864
836 -79.0807 0 3 4.19373
4168 -78.6007 1 1 2.74271
206 -78.0801 2 2 51.7912
276 -79.3102 2 2 1.94638
346 -78.4079 2 1 3.44004
416 -79.2262 0 4 8.93457
556 -78.9681 1 2 58.2779
696 -79.8164 2 3 3.77126
836 -79.0807 0 3 4.24712
4168 -78.6007 1 1 2.7465
206 -78.0801 2 2 51.5688
276 -79.3102 2 2 1.92767
346 -78.4079 2 1 3.42194
416 -79.2262 0 4 8.87539
556 -78.9681 1 2 57.9615
696 -79.8164 2 3 3.74831
836 -79.0807 0 3 4.21843
4168 -78.6007 1 1 2.72445
206 -78.0801 2 2 52.0058
276 -79.3102 2 2 1.98268
346 -78.4079 2 1 3.43086
416 -79.2262 0 4 8.98733
556 -78.9681 1 2 57.9687
696 -79.8164 2 3 3.78798
836 -79.0807 0 3 4.23536
4168 -78.6007 1 1 2.71442
206 -78.0801 2 2 51.8633
276 -79.3102 2 2 1.9697
346 -78.4079 2 1 3.40506
416 -79.2262 0 4 8.94637
556 -78.9681 1 2 57.5564
696 -79.8164 2 3 3.77103
836 -79.0807 0 3 4.20491
4168 -78.6007 1 1 2.69009
206 -78.0801 2 2 52.0884
276 -79.3102 2 2 2.05858
346 -78.4079 2 1 3.42346
416 -79.2262 0 4 8.9702
556 -78.9681 1 2 58.1995
696 -79.8164 1 3 3.78438
836 -79.0807 0 3 4.32058
4168 -78.6007 1 1 2.75284
206 -78.0801 2 2 53.4691
276 -79.3102 2 2 2.04338
346 -78.4079 2 1 3.40056
416 -79.2262 0 4 8.888
556 -78.9681 1 2 58.2636
696 -79.8164 2 3 3.75484
836 -79.0807 0 3 4.28939
4168 -78.6007 1 1 2.73647
206 -78.0801 2 2 53.4905
276 -79.3102 2 2 2.06103
346 -78.4079 2 1 3.41841
416 -79.2262 0 4 8.97613
556 -78.9681 1 2 58.2268
696 -79.8164 2 3 3.79759
836 -79.0807 0 3 4.2719
4168 -78.6007 1 1 2.72063
206 -78.0801 2 2 53.0738
276 -79.3102 2 2 2.04769
346 -78.4079 2 1 3.53114
416 -79.2262 0 4 8.89951
556 -78.9681 1 2 57.8421
696 -79.8164 2 3 3.77226
836 -79.0807 0 3 4.24588
4168 -78.6007 1 1 2.69747
206 -78.0801 2 2 53.0668
276 -79.3102 2 2 2.05303
346 -78.4079 2 1 3.55174
416 -79.2262 0 4 8.95084
556 -78.9681 1 2 57.8094
696 -79.8164 2 3 3.77823
836 -79.0807 0 3 4.25139
4168 -78.6007 1 1 2.72284
206 -78.0801 2 2 52.6802
276 -79.3102 2 2 2.03946
346 -78.4079 2 1 3.51444
416 -79.2262 0 4 8.8762
556 -78.9681 1 2 57.4536
696 -79.8164 2 3 3.75528
836 -79.0807 0 3 4.21924
4168 -78.6007 1 1 2.7003
206 -78.0801 2 2 52.481
276 -79.3102 2 2 2.0415
346 -78.4079 2 1 3.56058
416 -79.2262 0 4 9.15893
556 -78.9681 1 2 57.32
696 -79.8164 2 3 3.74968
836 -79.0807 0 3 4.25915
4168 -78.6007 1 1 2.72947
206 -78.0801 2 2 52.073
276 -79.3102 2 2 2.03428
346 -78.4079 2 1 3.54179
416 -79.2262 0 4 9.10071
556 -78.9681 1 2 56.9103
696 -79.8164 2 3 3.73594
836 -79.0807 0 3 4.22979
4168 -78.6007 1 1 2.71142
206 -78.0801 2 2 52.604
276 -79.3102 2 2 2.06459
346 -78.4079 2 1 3.55975
416 -79.2262 0 4 9.29952
556 -78.9681 1 2 56.9259
696 -79.8164 1 3 3.77791
836 -79.0807 0 3 4.2707
4168 -78.6007 1 1 2.70916
206 -78.0801 2 2 52.5619
276 -79.3102 2 2 2.05228
346 -78.4079 2 1 3.5418
416 -79.2262 0 4 9.25292
556 -78.9681 1 2 57.9146
696 -79.8164 2 3 3.75764
836 -79.0807 0 3 4.25386
4168 -78.6007 1 1 2.70172
206 -78.0801 2 2 52.3255
276 -79.3102 2 2 2.06173
346 -78.4079 2 1 3.62345
416 -79.2262 0 4 9.21481
556 -78.9681 1 2 57.9229
696 -79.8164 2 3 3.75208
836 -79.0807 0 3 4.27614
4168 -78.6007 1 1 2.74199
206 -78.0801 2 2 52.05
276 -79.3102 2 2 2.03936
346 -78.4079 2 1 3.5868
416 -79.2262 0 4 9.15249
556 -78.9681 1 2 59.5506
696 -79.8164 2 3 3.72289
836 -79.0807 0 3 4.26008
4168 -78.6007 1 1 2.72675
206 -78.0801 2 2 52.4074
276 -79.3102 2 2 2.1386
346 -78.4079 2 1 3.61084
416 -79.2262 0 4 9.13618
556 -78.9681 1 2 60.0602
696 -79.8164 2 3 3.72521
836 -79.0807 0 3 4.2437
4168 -78.6007 1 1 2.7059
206 -78.0801 2 2 52.1175
276 -79.3102 2 2 2.12356
346 -78.4079 2 1 3.58853
416 -79.2262 0 4 9.10264
556 -78.9681 1 2 59.7927
696 -79.8164 2 3 3.70341
836 -79.0807 0 3 4.21938
4168 -78.6007 1 1 2.68728
206 -78.0801 2 2 51.7734
276 -79.3102 2 2 2.22961
346 -78.4079 2 1 3.58031
416 -79.2262 0 4 9.06402
556 -78.9681 1 2 60.2599
696 -79.8164 2 3 3.70155
836 -79.0807 0 3 4.3611
4168 -78.6007 1 1 2.68617
206 -78.0801 2 2 51.4487
276 -79.3102 2 2 2.21677
346 -78.4079 2 1 3.57246
416 -79.2262 0 4 9.03275
556 -78.9681 1 2 59.7635
696 -79.8164 2 3 3.6714
836 -79.0807 0 3 4.33083
4168 -78.6007 1 1 2.67012
206 -78.0801 2 2 51.914
276 -79.3102 2 2 2.20445
346 -78.4079 2 1 3.53901
416 -79.2262 0 4 9.036
556 -78.9681 1 2 59.9486
696 -79.8164 2 3 3.67168
836 -79.0807 0 3 4.34815
4168 -78.6007 1 1 2.66727
206 -78.0801 2 2 51.7266
276 -79.3102 2 2 2.19176
346 -78.4079 2 1 3.51897
416 -79.2262 0 4 8.9978
556 -78.9681 1 2 60.1402
696 -79.8164 2 3 3.6578
836 -79.0807 0 3 4.32492
4168 -78.6007 1 1 2.6605
206 -78.0801 2 2 52.3563
276 -79.3102 2 2 2.22219
346 -78.4079 2 1 3.54399
416 -79.2262 0 4 9.03011
556 -78.9681 1 2 59.927
696 -79.8164 2 3 3.68787
836 -79.0807 0 3 4.34032
4168 -78.6007 1 1 2.6518
206 -78.0801 2 2 52.0433
276 -79.3102 2 2 2.20904
346 -78.4079 2 1 3.5186
416 -79.2262 0 4 8.96341
556 -78.9681 1 2 59.7137
696 -79.8164 2 3 3.6721
836 -79.0807 0 3 4.32249
4168 -78.6007 1 1 2.63829
206 -78.0801 2 2 52.7636
276 -79.3102 2 2 2.19965
346 -78.4079 2 1 3.56317
416 -79.2262 0 4 8.97752
556 -78.9681 1 2 59.446
696 -79.8164 2 3 3.67558
836 -79.0807 0 3 4.29828
4168 -78.6007 1 1 2.6257
206 -78.0801 2 2 52.5351
276 -79.3102 2 2 2.18622
346 -78.4079 2 1 3.53609
416 -79.2262 0 4 8.93811
556 -78.9681 1 2 59.0692
696 -79.8164 2 3 3.65851
836 -79.0807 0 3 4.26431
4168 -78.6007 1 1 2.60791
206 -78.0801 2 2 52.5389
276 -79.3102 2 2 2.19099
346 -78.4079 2 1 3.5171
416 -79.2262 0 4 8.93375
556 -78.9681 1 2 59.1199
696 -79.8164 2 3 3.67963
836 -79.0807 0 3 4.40154
4168 -78.6007 1 1 2.59262
206 -78.0801 2 2 52.2379
276 -79.3102 2 2 2.17184
346 -78.4079 2 1 3.50287
416 -79.2262 0 4 8.89275
556 -78.9681 1 2 58.7854
696 -79.8164 2 3 3.65565
836 -79.0807 0 3 4.37425
4168 -78.6007 1 1 2.57778
206 -78.0801 2 2 52.4045
276 -79.3102 2 2 2.1639
346 -78.4079 2 1 3.50798
416 -79.2262 0 4 8.9572
556 -78.9681 1 2 59.4791
696 -79.8164 2 3 3.74838
836 -79.0807 0 3 4.37589
4168 -78.6007 1 1 2.56969
206 -78.0801 2 2 52.2174
276 -79.3102 2 2 2.1523
346 -78.4079 2 1 3.49359
416 -79.2262 0 4 8.91173
556 -78.9681 1 2 59.2909
696 -79.8164 2 3 3.73157
836 -79.0807 0 3 4.3624
4168 -78.6007 1 1 2.54864
206 -78.0801 2 2 52.6937
276 -79.3102 2 2 2.13531
346 -78.4079 2 1 3.50128
416 -79.2262 0 4 8.94237
556 -78.9681 1 2 58.8458
696 -79.8164 2 3 3.76505
836 -79.0807 0 3 4.51059
4168 -78.6007 1 1 2.58006
206 -78.0801 2 2 52.3524
276 -79.3102 2 2 2.12797
346 -78.4079 2 1 3.4859
416 -79.2262 0 4 8.89441
556 -78.9681 1 2 58.4584
696 -79.8164 2 3 3.74889
836 -79.0807 0 3 4.50131
4168 -78.6007 1 1 2.56456
206 -78.0801 2 2 52.9311
276 -79.3102 2 2 2.12729
346 -78.4079 2 1 3.53123
416 -79.2262 0 4 8.99224
556 -78.9681 1 2 59.092
696 -79.8164 2 3 3.81994
836 -79.0807 0 3 4.46073
4168 -78.6007 1 1 2.57986
206 -78.0801 2 2 52.6266
276 -79.3102 2 2 2.11595
346 -78.4079 2 1 3.50762
416 -79.2262 0 4 8.92817
556 -78.9681 1 2 58.6452
696 -79.8164 2 3 3.7972
836 -79.0807 0 3 4.43501
4168 -78.6007 1 1 2.55965
206 -78.0801 2 2 52.7866
276 -79.3102 2 2 2.12347
346 -78.4079 2 1 3.51317
416 -79.2262 0 4 9.00659
556 -78.9681 1 2 59.0559
696 -79.8164 2 3 3.78269
836 -79.0807 0 3 4.46006
4168 -78.6007 1 1 2.6629
206 -78.0801 2 2 52.5038
276 -79.3102 2 2 2.11003
346 -78.4079 2 1 3.50442
416 -79.2262 0 4 8.95357
556 -78.9681 1 2 58.8444
696 -79.8164 2 3 3.75693
836 -79.0807 0 3 4.43423
4168 -78.6007 1 1 2.64667
206 -78.0801 2 2 52.8014
276 -79.3102 2 2 2.10893
346 -78.4079 2 1 3.53044
416 -79.2262 0 4 8.97336
556 -78.9681 1 2 59.1308
696 -79.8164 2 3 3.80612
836 -79.0807 0 3 4.43293
4168 -78.6007 1 1 2.62792
206 -78.0801 2 2 52.4587
276 -79.3102 2 2 2.09622
346 -78.4079 2 1 3.51516
416 -79.2262 0 4 8.91215
556 -78.9681 1 2 58.7983
696 -79.8164 2 3 3.7822
836 -79.0807 0 3 4.41981
4168 -78.6007 1 1 2.6165
206 -78.0801 2 2 52.7681
276 -79.3102 2 2 2.11105
346 -78.4079 2 1 3.49523
416 -79.2262 0 4 8.96138
556 -78.9681 1 2 58.8167
696 -79.8164 2 3 3.79678
836 -79.0807 0 3 4.56617
4168 -78.6007 1 1 2.64421
206 -78.0801 2 2 52.5155
276 -79.3102 2 2 2.09974
346 -78.4079 2 1 3.48348
416 -79.2262 0 4 8.91352
556 -78.9681 1 2 58.5648
696 -79.8164 2 3 3.77023
836 -79.0807 0 3 4.53686
4168 -78.6007 1 1 2.62617
206 -78.0801 2 2 52.226
276 -79.3102 2 2 2.10583
346 -78.4079 2 1 3.45679
416 -79.2262 0 4 8.87045
556 -78.9681 1 2 58.7801
696 -79.8164 2 3 3.76246
836 -79.0807 0 3 4.55177
4168 -78.6007 1 1 2.67883
206 -78.0801 2 2 52.0097
276 -79.3102 2 2 2.09286
346 -78.4079 2 1 3.43517
416 -79.2262 0 4 8.81861
556 -78.9681 1 2 58.481
696 -79.8164 2 3 3.74723
836 -79.0807 0 3 4.52654
4168 -78.6007 1 1 2.66291
206 -78.0801 1 2 52.2247
276 -79.3102 2 2 2.08159
346 -78.4079 1 1 3.43428
416 -79.2262 0 4 8.84111
556 -78.9681 1 2 58.8045
696 -79.8164 1 3 3.78312
836 -79.0807 0 3 4.67303
4168 -78.6007 1 1 2.64964
206 -78.0801 2 2 53.0619
276 -79.3102 2 2 2.06859
346 -78.4079 2 1 3.41132
416 -79.2262 0 4 8.78912
556 -78.9681 1 2 59.1911
696 -79.8164 2 3 3.75446
836 -79.0807 0 3 4.64805
4168 -78.6007 1 1 2.63584
206 -78.0801 2 2 53.5415
276 -79.3102 2 2 2.07708
346 -78.4079 2 1 3.42735
416 -79.2262 0 4 8.87586
556 -78.9681 1 2 59.0334
696 -79.8164 2 3 3.73956
836 -79.0807 0 3 4.72313
4168 -78.6007 1 1 2.65025
206 -78.0801 2 2 53.4067
276 -79.3102 2 2 2.06038
346 -78.4079 2 1 3.40193
416 -79.2262 0 4 8.82375
556 -78.9681 1 2 58.8002
696 -79.8164 2 3 3.72331
836 -79.0807 0 3 4.70693
4168 -78.6007 1 1 2.63497
206 -78.0801 2 2 53.1687
276 -79.3102 2 2 2.05296
346 -78.4079 2 1 3.46029
416 -79.2262 0 4 8.79648
556 -78.9681 1 2 58.4683
696 -79.8164 2 3 3.7467
836 -79.0807 0 3 4.70674
4168 -78.6007 1 1 2.68846
206 -78.0801 2 2 52.8405
276 -79.3102 2 2 2.03959
346 -78.4079 2 1 3.43139
416 -79.2262 0 4 8.74877
556 -78.9681 1 2 58.227
696 -79.8164 2 3 3.71855
836 -79.0807 0 3 4.68747
4168 -78.6007 1 1 2.67043
206 -78.0801 2 2 52.8817
276 -79.3102 2 2 2.09638
346 -78.4079 2 1 3.42181
416 -79.2262 0 4 8.84022
556 -78.9681 1 2 58.1977
696 -79.8164 2 3 3.74694
836 -79.0807 0 3 4.70504
4168 -78.6007 1 1 2.70977
206 -78.0801 2 2 52.6075
276 -79.3102 2 2 2.08145
346 -78.4079 2 1 3.39873
416 -79.2262 0 4 8.80275
556 -78.9681 1 2 57.9039
696 -79.8164 2 3 3.72054
836 -79.0807 0 3 4.67437
4168 -78.6007 1 1 2.69599
206 -78.0801 2 2 52.494
276 -79.3102 2 2 2.10117
346 -78.4079 2 1 3.50096
416 -79.2262 0 4 8.8308
556 -78.9681 1 2 58.6477
696 -79.8164 2 3 3.75061
836 -79.0807 0 3 4.68958
4168 -78.6007 1 1 2.71172
206 -78.0801 2 2 52.1777
276 -79.3102 2 2 2.08591
346 -78.4079 2 1 3.47886
416 -79.2262 0 4 8.77261
556 -78.9681 1 2 58.351
696 -79.8164 2 3 3.73464
836 -79.0807 0 3 4.67715
4168 -78.6007 1 1 2.69558
206 -78.0801 2 2 53.0262
276 -79.3102 2 2 2.0939
346 -78.4079 2 1 3.49573
416 -79.2262 0 4 8.78912
556 -78.9681 1 2 58.4513
696 -79.8164 2 3 3.74
836 -79.0807 0 3 4.74313
4168 -78.6007 1 1 2.68065
206 -78.0801 2 2 52.7931
276 -79.3102 2 2 2.07794
346 -78.4079 2 1 3.47536
416 -79.2262 0 4 8.73929
556 -78.9681 1 2 58.2015
696 -79.8164 2 3 3.71875
836 -79.0807 0 3 4.71722
4168 -78.6007 1 1 2.66708
206 -78.0801 2 2 52.568
276 -79.3102 2 2 2.07029
346 -78.4079 2 1 3.45234
416 -79.2262 0 4 8.73132
556 -78.9681 1 2 57.9588
696 -79.8164 2 3 3.81614
836 -79.0807 0 3 4.721
4168 -78.6007 1 1 2.70222
206 -78.0801 2 2 52.4193
276 -79.3102 2 2 2.05813
346 -78.4079 2 1 3.43618
416 -79.2262 0 4 8.70627
556 -78.9681 1 2 57.517
696 -79.8164 2 3 3.79433
836 -79.0807 0 3 4.69676
4168 -78.6007 1 1 2.69074
206 -78.0801 2 2 52.5154
276 -79.3102 2 2 2.12475
346 -78.4079 2 1 3.43476
416 -79.2262 0 4 8.72084
556 -78.9681 1 2 57.9603
696 -79.8164 2 3 3.78826
836 -79.0807 0 3 4.74044
4168 -78.6007 1 1 2.68993
206 -78.0801 2 2 52.333
276 -79.3102 2 2 2.11275
346 -78.4079 2 1 3.41411
416 -79.2262 0 4 8.69065
556 -78.9681 1 2 57.7231
696 -79.8164 2 3 3.77249
836 -79.0807 0 3 4.7137
4168 -78.6007 1 1 2.68111
206 -78.0801 2 2 52.3339
276 -79.3102 2 2 2.10273
346 -78.4079 2 1 3.39367
416 -79.2262 0 4 8.80173
556 -78.9681 1 2 58.0391
696 -79.8164 2 3 3.77204
836 -79.0807 0 3 4.8618
4168 -78.6007 1 1 2.79798
206 -78.0801 2 2 52.0736
276 -79.3102 2 2 2.0948
346 -78.4079 2 1 3.38501
416 -79.2262 0 4 8.78851
556 -78.9681 1 2 58.8783
696 -79.8164 2 3 3.76202
836 -79.0807 0 3 4.83482
4168 -78.6007 1 1 2.78788
206 -78.0801 2 2 52.5734
276 -79.3102 2 2 2.1056
346 -78.4079 2 1 3.38503
416 -79.2262 0 4 8.82642
556 -78.9681 1 2 58.745
696 -79.8164 2 3 3.73876
836 -79.0807 0 3 4.85157
4168 -78.6007 1 1 2.78421
206 -78.0801 2 2 52.3814
276 -79.3102 2 2 2.09684
346 -78.4079 2 1 3.37111
416 -79.2262 0 4 8.7709
556 -78.9681 1 2 58.5202
696 -79.8164 2 3 3.72468
836 -79.0807 0 3 4.83704
4168 -78.6007 1 1 2.77491
206 -78.0801 2 2 52.2723
276 -79.3102 2 2 2.11071
346 -78.4079 2 1 3.36598
416 -79.2262 0 4 8.77638
556 -78.9681 1 2 58.9204
696 -79.8164 2 3 3.73798
836 -79.0807 0 3 4.8025
4168 -78.6007 1 1 2.76878
206 -78.0801 2 2 52.0007
276 -79.3102 2 2 2.10074
346 -78.4079 2 1 3.35226
416 -79.2262 0 4 8.72475
556 -78.9681 1 2 58.6518
696 -79.8164 2 3 3.72048
836 -79.0807 0 3 4.78639
4168 -78.6007 1 1 2.75518
206 -78.0801 2 2 51.7332
276 -79.3102 2 2 2.08742
346 -78.4079 2 1 3.42431
416 -79.2262 0 4 8.78547
556 -78.9681 1 2 58.5712
696 -79.8164 2 3 3.83752
836 -79.0807 0 3 4.80211
4168 -78.6007 1 1 2.77659
206 -78.0801 2 2 51.4836
276 -79.3102 2 2 2.07754
346 -78.4079 2 1 3.40161
416 -79.2262 0 4 8.73717
556 -78.9681 1 2 58.2048
696 -79.8164 2 3 3.81347
836 -79.0807 0 3 4.77698
4168 -78.6007 1 1 2.76511
206 -78.0801 2 2 51.5811
276 -79.3102 2 2 2.07114
346 -78.4079 2 1 3.38965
416 -79.2262 0 4 8.74497
556 -78.9681 1 2 58.2844
696 -79.8164 2 3 3.82752
836 -79.0807 0 3 4.77295
4168 -78.6007 1 1 2.76436
206 -78.0801 2 2 51.4222
276 -79.3102 2 2 2.05863
346 -78.4079 2 1 3.37151
416 -79.2262 0 4 8.691
556 -78.9681 1 2 58.7422
696 -79.8164 2 3 3.80084
836 -79.0807 0 3 4.75062
4168 -78.6007 1 1 2.74931
206 -78.0801 2 2 51.3802
276 -79.3102 2 2 2.09848
346 -78.4079 2 1 3.35331
416 -79.2262 0 4 8.70164
556 -78.9681 1 2 58.7787
696 -79.8164 2 3 3.87122
836 -79.0807 0 3 4.91736
4168 -78.6007 1 1 2.78862
206 -78.0801 2 2 51.1727
276 -79.3102 2 2 2.08632
346 -78.4079 2 1 3.34249
416 -79.2262 0 4 8.64054
556 -78.9681 1 2 58.3707
696 -79.8164 2 3 3.85448
836 -79.0807 0 3 4.89314
4168 -78.6007 1 1 2.77787
206 -78.0801 2 2 51.694
276 -79.3102 2 2 2.10469
346 -78.4079 2 1 3.33495
416 -79.2262 0 4 8.68477
556 -78.9681 1 2 58.3076
696 -79.8164 2 3 3.86479
836 -79.0807 0 3 4.95662
4168 -78.6007 1 1 2.76883
206 -78.0801 2 2 51.4239
276 -79.3102 2 2 2.09035
346 -78.4079 2 1 3.32071
416 -79.2262 0 4 8.64043
556 -78.9681 1 2 58.0135
696 -79.8164 2 3 3.84897
836 -79.0807 0 3 4.93554
4168 -78.6007 1 1 2.75587
206 -78.0801 2 2 51.3791
276 -79.3102 2 2 2.14259
346 -78.4079 2 1 3.305
416 -79.2262 0 4 8.7088
556 -78.9681 1 2 57.9339
696 -79.8164 2 3 3.90146
836 -79.0807 0 3 4.91414
4168 -78.6007 1 1 2.7825
206 -78.0801 2 2 51.1302
276 -79.3102 2 2 2.13299
346 -78.4079 2 1 3.29495
416 -79.2262 0 4 8.68614
556 -78.9681 1 2 57.7838
696 -79.8164 2 3 3.87923
836 -79.0807 0 3 4.89854
4168 -78.6007 1 1 2.76809
206 -78.0801 2 2 51.1051
276 -79.3102 2 2 2.14131
346 -78.4079 2 1 3.30637
416 -79.2262 0 4 8.72011
556 -78.9681 1 2 58.0823
696 -79.8164 2 3 3.87817
836 -79.0807 0 3 4.89448
4168 -78.6007 1 1 2.76412
206 -78.0801 2 2 50.9025
276 -79.3102 2 2 2.13226
346 -78.4079 2 1 3.29384
416 -79.2262 0 4 8.69438
556 -78.9681 1 2 58.2577
696 -79.8164 2 3 3.86295
836 -79.0807 0 3 4.86975
4168 -78.6007 1 1 2.75067
206 -78.0801 2 2 52.0311
276 -79.3102 2 2 2.13299
346 -78.4079 2 1 3.34678
416 -79.2262 0 4 8.79018
556 -78.9681 1 2 58.0541
696 -79.8164 2 3 3.86928
836 -79.0807 0 3 4.86489
4168 -78.6007 1 1 2.74035
206 -78.0801 2 2 53.2408
276 -79.3102 2 2 2.12311
346 -78.4079 2 1 3.32977
416 -79.2262 0 4 8.74294
556 -78.9681 1 2 57.9478
696 -79.8164 2 3 3.84629
836 -79.0807 0 3 4.83947
4168 -78.6007 1 1 2.72654
206 -78.0801 1 2 54.0334
276 -79.3102 2 2 2.12739
346 -78.4079 1 1 3.31738
416 -79.2262 0 4 8.79347
556 -78.9681 1 2 58.058
696 -79.8164 1 3 3.88446
836 -79.0807 0 3 4.81828
4168 -78.6007 1 1 2.71721
206 -78.0801 2 2 54.5342
276 -79.3102 2 2 2.11799
346 -78.4079 2 1 3.30801
416 -79.2262 0 4 8.76871
556 -78.9681 1 2 57.8274
696 -79.8164 2 3 3.87472
836 -79.0807 0 3 4.80292
4168 -78.6007 1 1 2.70808
206 -78.0801 2 2 54.3791
276 -79.3102 2 2 2.13185
346 -78.4079 2 1 3.32391
416 -79.2262 0 4 8.79722
556 -78.9681 1 2 57.6863
696 -79.8164 2 3 3.86039
836 -79.0807 0 3 4.85079
4168 -78.6007 1 1 2.69267
206 -78.0801 2 2 54.1876
276 -79.3102 2 2 2.12151
346 -78.4079 2 1 3.30614
416 -79.2262 0 4 8.77496
556 -78.9681 1 2 57.4419
696 -79.8164 2 3 3.85372
836 -79.0807 0 3 4.83109
4168 -78.6007 1 1 2.67998
206 -78.0801 2 2 54.6211
276 -79.3102 2 2 2.1214
346 -78.4079 2 1 3.29009
416 -79.2262 0 4 8.81251
556 -78.9681 1 2 57.3912
696 -79.8164 2 3 3.83672
836 -79.0807 0 3 4.83569
4168 -78.6007 1 1 2.6697
206 -78.0801 2 2 54.3711
276 -79.3102 2 2 2.11112
346 -78.4079 2 1 3.28132
416 -79.2262 0 4 8.78016
556 -78.9681 1 2 57.1293
696 -79.8164 2 3 3.82231
836 -79.0807 0 3 4.80976
4168 -78.6007 1 1 2.65981
206 -78.0801 2 2 54.4487
276 -79.3102 2 2 2.1136
346 -78.4079 2 1 3.27535
416 -79.2262 0 4 8.76682
556 -78.9681 1 2 57.0954
696 -79.8164 2 3 3.97712
836 -79.0807 0 3 4.82488
4168 -78.6007 1 1 2.66996
206 -78.0801 2 2 54.3416
276 -79.3102 2 2 2.1049
346 -78.4079 2 1 3.25795
416 -79.2262 0 4 8.74493
556 -78.9681 1 2 56.7948
696 -79.8164 2 3 3.962
836 -79.0807 0 3 4.80636
4168 -78.6007 1 1 2.65603
206 -78.0801 2 2 54.0886
276 -79.3102 2 2 2.11688
346 -78.4079 2 1 3.25437
416 -79.2262 0 4 8.85235
556 -78.9681 1 2 57.0828
696 -79.8164 2 3 4.03502
836 -79.0807 0 3 4.82276
4168 -78.6007 1 1 2.64321
206 -78.0801 2 2 53.9166
276 -79.3102 2 2 2.11002
346 -78.4079 2 1 3.24136
416 -79.2262 0 4 8.80132
556 -78.9681 1 2 56.7629
696 -79.8164 2 3 4.02022
836 -79.0807 0 3 4.80832
4168 -78.6007 1 1 2.63669
206 -78.0801 2 2 53.7579
276 -79.3102 2 2 2.09968
346 -78.4079 2 1 3.23386
416 -79.2262 0 4 8.84973
556 -78.9681 1 2 56.7917
696 -79.8164 2 3 4.00163
836 -79.0807 0 3 4.93054
4168 -78.6007 1 1 2.63161
206 -78.0801 2 2 53.5869
276 -79.3102 2 2 2.09234
346 -78.4079 2 1 3.21498
416 -79.2262 0 4 8.79701
556 -78.9681 1 2 56.6589
696 -79.8164 2 3 3.97653
836 -79.0807 0 3 4.9184
4168 -78.6007 1 1 2.62101
206 -78.0801 2 2 54.5848
276 -79.3102 2 2 2.14563
346 -78.4079 2 1 3.20051
416 -79.2262 0 4 8.82306
556 -78.9681 1 2 56.3445
696 -79.8164 2 3 3.97416
836 -79.0807 0 3 4.96495
4168 -78.6007 1 1 2.66142
206 -78.0801 2 2 54.4118
276 -79.3102 2 2 2.13544
346 -78.4079 2 1 3.19384
416 -79.2262 0 4 8.7883
556 -78.9681 1 2 56.1888
696 -79.8164 2 3 3.95495
836 -79.0807 0 3 4.93121
4168 -78.6007 1 1 2.65646
206 -78.0801 2 2 54.5444
276 -79.3102 2 2 2.12582
346 -78.4079 2 1 3.19469
416 -79.2262 0 4 8.85401
556 -78.9681 1 2 56.2504
696 -79.8164 2 3 3.93845
836 -79.0807 0 3 4.95942
4168 -78.6007 1 1 2.70205
206 -78.0801 2 2 54.2591
276 -79.3102 2 2 2.11963
346 -78.4079 2 1 3.18555
416 -79.2262 0 4 8.80836
556 -78.9681 1 2 55.9749
696 -79.8164 2 3 3.92047
836 -79.0807 0 3 4.93389
4168 -78.6007 1 1 2.69338
206 -78.0801 2 2 54.4845
276 -79.3102 2 2 2.10882
346 -78.4079 2 1 3.17511
416 -79.2262 0 4 8.80972
556 -78.9681 1 2 55.823
696 -79.8164 2 3 3.95283
836 -79.0807 0 3 4.94656
4168 -78.6007 1 1 2.70294
206 -78.0801 2 2 54.1851
276 -79.3102 2 2 2.10068
346 -78.4079 2 1 3.15527
416 -79.2262 0 4 8.77287
556 -78.9681 1 2 55.5727
696 -79.8164 2 3 3.93718
836 -79.0807 0 3 4.9304
4168 -78.6007 1 1 2.68933
206 -78.0801 2 2 54.3213
276 -79.3102 2 2 2.16638
346 -78.4079 2 1 3.19254
416 -79.2262 0 4 8.80596
556 -78.9681 1 2 55.7383
696 -79.8164 2 3 4.01727
836 -79.0807 0 3 4.95838
4168 -78.6007 1 1 2.68077
206 -78.0801 2 2 54.1149
276 -79.3102 2 2 2.15544
346 -78.4079 2 1 3.1841
416 -79.2262 0 4 8.75378
556 -78.9681 1 2 56.0519
696 -79.8164 2 3 4.00733
836 -79.0807 0 3 4.93928
4168 -78.6007 1 1 2.66746
206 -78.0801 2 2 53.9481
276 -79.3102 2 2 2.16547
346 -78.4079 2 1 3.16839
416 -79.2262 0 4 8.84123
556 -78.9681 1 2 55.8628
696 -79.8164 2 3 4.04132
836 -79.0807 0 3 4.92651
4168 -78.6007 1 1 2.69133
206 -78.0801 2 2 53.7314
276 -79.3102 2 2 2.15884
346 -78.4079 2 1 3.15683
416 -79.2262 0 4 8.80395
556 -78.9681 1 2 55.6891
696 -79.8164 2 3 4.0185
836 -79.0807 0 3 4.90706
4168 -78.6007 1 1 2.67897
206 -78.0801 2 2 53.6731
276 -79.3102 2 2 2.15132
346 -78.4079 2 1 3.1487
416 -79.2262 0 4 8.79407
556 -78.9681 1 2 55.5934
696 -79.8164 2 3 4.07634
836 -79.0807 0 3 4.99244
4168 -78.6007 1 1 2.69047
206 -78.0801 2 2 53.4354
276 -79.3102 2 2 2.13918
346 -78.4079 2 1 3.13498
416 -79.2262 0 4 8.75682
556 -78.9681 1 2 55.2843
696 -79.8164 2 3 4.06128
836 -79.0807 0 3 4.96741
4168 -78.6007 1 1 2.67536
206 -78.0801 2 2 54.189
276 -79.3102 2 2 2.14421
346 -78.4079 2 1 3.15292
416 -79.2262 0 4 8.77308
556 -78.9681 1 2 55.1313
696 -79.8164 2 3 4.05767
836 -79.0807 0 3 4.95925
4168 -78.6007 1 1 2.66661
206 -78.0801 2 2 54.0416
276 -79.3102 2 2 2.13545
346 -78.4079 2 1 3.1349
416 -79.2262 0 4 8.7284
556 -78.9681 1 2 54.9049
696 -79.8164 2 3 4.03764
836 -79.0807 0 3 4.93809
4168 -78.6007 1 1 2.65318
206 -78.0801 2 2 54.2233
276 -79.3102 2 2 2.1361
346 -78.4079 2 1 3.14654
416 -79.2262 0 4 8.80789
556 -78.9681 1 2 55.0129
696 -79.8164 2 3 4.04054
836 -79.0807 0 3 4.9623
4168 -78.6007 1 1 2.68804
206 -78.0801 2 2 54.0771
276 -79.3102 2 2 2.12765
346 -78.4079 2 1 3.12967
416 -79.2262 0 4 8.78521
556 -78.9681 1 2 54.8304
696 -79.8164 2 3 4.02574
836 -79.0807 0 3 4.94945
4168 -78.6007 1 1 2.67181
206 -78.0801 2 2 54.5547
276 -79.3102 2 2 2.16069
346 -78.4079 2 1 3.12853
416 -79.2262 0 4 8.78431
556 -78.9681 1 2 54.8472
696 -79.8164 2 3 4.04332
836 -79.0807 0 3 4.96615
4168 -78.6007 1 1 2.67088
206 -78.0801 2 2 54.3055
276 -79.3102 2 2 2.15196
346 -78.4079 2 1 3.11359
416 -79.2262 0 4 8.74484
556 -78.9681 1 2 54.6475
696 -79.8164 2 3 4.02259
836 -79.0807 0 3 4.94139
4168 -78.6007 1 1 2.66454
206 -78.0801 2 2 54.5427
276 -79.3102 1 2 2.14162
346 -78.4079 2 1 3.12264
416 -79.2262 0 4 8.74401
556 -78.9681 1 2 55.1062
696 -79.8164 0 3 4.01723
836 -79.0807 0 3 4.9277
4168 -78.6007 1 1 2.72192
206 -78.0801 2 2 54.5461
276 -79.3102 2 2 2.13347
346 -78.4079 2 1 3.1131
416 -79.2262 0 4 8.71054
556 -78.9681 1 2 55.8594
696 -79.8164 2 3 3.99929
836 -79.0807 0 3 4.91559
4168 -78.6007 1 1 2.71237
206 -78.0801 1 2 54.8855
276 -79.3102 1 2 2.12301
346 -78.4079 2 1 3.12202
416 -79.2262 0 4 8.68743
556 -78.9681 1 2 56.3484
696 -79.8164 1 3 4.08514
836 -79.0807 0 3 4.90234
4168 -78.6007 1 1 2.70046
206 -78.0801 2 2 55.0608
276 -79.3102 2 2 2.11846
346 -78.4079 2 1 3.10597
416 -79.2262 0 4 8.65159
556 -78.9681 1 2 56.4219
696 -79.8164 2 3 4.06917
836 -79.0807 0 3 4.87093
4168 -78.6007 1 1 2.68692
206 -78.0801 2 2 55.4682
276 -79.3102 1 2 2.10632
346 -78.4079 2 1 3.12423
416 -79.2262 0 4 8.64424
556 -78.9681 1 2 56.2584
696 -79.8164 1 3 4.1164
836 -79.0807 0 3 4.91162
4168 -78.6007 1 1 2.67834
206 -78.0801 2 2 55.4644
276 -79.3102 2 2 2.10059
346 -78.4079 2 1 3.11099
416 -79.2262 0 4 8.61041
556 -78.9681 1 2 56.9104
696 -79.8164 2 3 4.10418
836 -79.0807 0 3 4.89479
4168 -78.6007 1 1 2.66858
206 -78.0801 2 2 55.4064
276 -79.3102 2 2 2.10974
346 -78.4079 2 1 3.10885
416 -79.2262 0 4 8.64002
556 -78.9681 1 2 56.843
696 -79.8164 2 3 4.15262
836 -79.0807 0 3 4.95815
4168 -78.6007 1 1 2.68001
206 -78.0801 2 2 55.1236
276 -79.3102 2 2 2.10396
346 -78.4079 2 1 3.09633
416 -79.2262 0 4 8.61523
556 -78.9681 1 2 56.6152
696 -79.8164 2 3 4.14449
836 -79.0807 0 3 4.93598
4168 -78.6007 1 1 2.66707
206 -78.0801 2 2 54.9056
276 -79.3102 2 2 2.11506
346 -78.4079 2 1 3.09645
416 -79.2262 0 4 8.64277
556 -78.9681 1 2 56.4973
696 -79.8164 2 3 4.27062
836 -79.0807 0 3 4.93164
4168 -78.6007 1 1 2.66851
206 -78.0801 2 2 54.7587
276 -79.3102 2 2 2.1097
346 -78.4079 2 1 3.08471
416 -79.2262 0 4 8.60854
556 -78.9681 1 2 56.3473
696 -79.8164 2 3 4.24969
836 -79.0807 0 3 4.91204
4168 -78.6007 1 1 2.6558
206 -78.0801 2 2 54.6313
276 -79.3102 2 2 2.11604
346 -78.4079 2 1 3.07046
416 -79.2262 0 4 8.62202
556 -78.9681 1 2 56.1596
696 -79.8164 2 3 4.29676
836 -79.0807 0 3 4.92907
4168 -78.6007 1 1 2.64506
206 -78.0801 2 2 54.4426
276 -79.3102 2 2 2.10796
346 -78.4079 2 1 3.06082
416 -79.2262 0 4 8.59001
556 -78.9681 1 2 55.9122
696 -79.8164 2 3 4.28499
836 -79.0807 0 3 4.9045
4168 -78.6007 1 1 2.64063
206 -78.0801 2 2 54.4083
276 -79.3102 2 2 2.11109
346 -78.4079 2 1 3.09318
416 -79.2262 0 4 8.66751
556 -78.9681 1 2 56.0273
696 -79.8164 2 3 4.33016
836 -79.0807 0 3 4.88724
4168 -78.6007 1 1 2.62602
206 -78.0801 2 2 54.1457
276 -79.3102 2 2 2.10701
346 -78.4079 2 1 3.08396
416 -79.2262 0 4 8.63111
556 -78.9681 1 2 55.7891
696 -79.8164 2 3 4.31961
836 -79.0807 0 3 4.86783
4168 -78.6007 1 1 2.61545
206 -78.0801 2 2 54.3918
276 -79.3102 2 2 2.12255
346 -78.4079 2 1 3.08674
416 -79.2262 0 4 8.65484
556 -78.9681 1 2 55.5641
696 -79.8164 2 3 4.31219
836 -79.0807 0 3 4.87159
4168 -78.6007 1 1 2.62462
206 -78.0801 2 2 54.2545
276 -79.3102 2 2 2.11404
346 -78.4079 2 1 3.07177
416 -79.2262 0 4 8.62656
556 -78.9681 1 2 55.3873
696 -79.8164 2 3 4.29251
836 -79.0807 0 3 4.8522
4168 -78.6007 1 1 2.6156
206 -78.0801 2 2 54.2831
276 -79.3102 2 2 2.10986
346 -78.4079 2 1 3.11322
416 -79.2262 0 4 8.6783
556 -78.9681 1 2 55.4153
696 -79.8164 2 3 4.33495
836 -79.0807 0 3 4.87084
4168 -78.6007 1 1 2.62414
206 -78.0801 2 2 54.1461
276 -79.3102 2 2 2.10307
346 -78.4079 2 1 3.10078
416 -79.2262 0 4 8.64875
556 -78.9681 1 2 55.1769
696 -79.8164 2 3 4.3246
836 -79.0807 0 3 4.85397
4168 -78.6007 1 1 2.61538
206 -78.0801 2 2 54.349
276 -79.3102 2 2 2.09291
346 -78.4079 2 1 3.09062
416 -79.2262 0 4 8.61366
556 -78.9681 1 2 55.307
696 -79.8164 2 3 4.33981
836 -79.0807 0 3 4.86825
4168 -78.6007 1 1 2.6056
206 -78.0801 2 2 54.3504
276 -79.3102 2 2 2.0829
346 -78.4079 2 1 3.08006
416 -79.2262 0 4 8.57719
556 -78.9681 1 2 55.1691
696 -79.8164 2 3 4.32411
836 -79.0807 0 3 4.85884
4168 -78.6007 1 1 2.59801
206 -78.0801 2 2 54.5157
276 -79.3102 2 2 2.09312
346 -78.4079 2 1 3.07684
416 -79.2262 0 4 8.63693
556 -78.9681 1 2 55.3768
696 -79.8164 2 3 4.34703
836 -79.0807 0 3 4.86216
4168 -78.6007 1 1 2.60251
206 -78.0801 2 2 54.6746
276 -79.3102 2 2 2.09033
346 -78.4079 2 1 3.06689
416 -79.2262 0 4 8.5952
556 -78.9681 1 2 55.2282
696 -79.8164 2 3 4.33186
836 -79.0807 0 3 4.83377
4168 -78.6007 1 1 2.59357
206 -78.0801 2 2 54.6382
276 -79.3102 2 2 2.07789
346 -78.4079 2 1 3.09206
416 -79.2262 0 4 8.63371
556 -78.9681 1 2 55.2156
696 -79.8164 2 3 4.34179
836 -79.0807 0 3 4.87154
4168 -78.6007 1 1 2.59634
206 -78.0801 2 2 54.5724
276 -79.3102 2 2 2.074
346 -78.4079 2 1 3.0796
416 -79.2262 0 4 8.59428
556 -78.9681 1 2 54.9341
696 -79.8164 2 3 4.32183
836 -79.0807 0 3 4.85818
4168 -78.6007 1 1 2.58642
206 -78.0801 2 2 54.5307
276 -79.3102 2 2 2.09187
346 -78.4079 2 1 3.08934
416 -79.2262 0 4 8.64947
556 -78.9681 1 2 54.7638
696 -79.8164 2 3 4.34124
836 -79.0807 0 3 4.86411
4168 -78.6007 1 1 2.58325
206 -78.0801 2 2 54.4178
276 -79.3102 2 2 2.08332
346 -78.4079 2 1 3.07797
416 -79.2262 0 4 8.63504
556 -78.9681 1 2 54.646
696 -79.8164 2 3 4.32988
836 -79.0807 0 3 4.84396
4168 -78.6007 1 1 2.57436
206 -78.0801 2 2 54.1842
276 -79.3102 2 2 2.173
346 -78.4079 2 1 3.09368
416 -79.2262 0 4 8.61148
556 -78.9681 1 2 54.415
696 -79.8164 2 3 4.31316
836 -79.0807 0 3 4.85688
4168 -78.6007 1 1 2.56485
206 -78.0801 2 2 53.9739
276 -79.3102 2 2 2.16621
346 -78.4079 2 1 3.08072
416 -79.2262 0 4 8.59286
556 -78.9681 1 2 54.302
696 -79.8164 2 3 4.29529
836 -79.0807 0 3 4.83961
4168 -78.6007 1 1 2.5623
206 -78.0801 2 2 54.2388
276 -79.3102 2 2 2.23873
346 -78.4079 2 1 3.10419
416 -79.2262 0 4 8.61985
556 -78.9681 1 2 54.1583
696 -79.8164 2 3 4.35555
836 -79.0807 0 3 4.83127
4168 -78.6007 1 1 2.56896
206 -78.0801 2 2 54.065
276 -79.3102 2 2 2.23309
346 -78.4079 2 1 3.09709
416 -79.2262 0 4 8.57646
556 -78.9681 1 2 53.9826
696 -79.8164 2 3 4.34554
836 -79.0807 0 3 4.8141
4168 -78.6007 1 1 2.55675
206 -78.0801 2 2 54.1655
276 -79.3102 2 2 2.24104
346 -78.4079 2 1 3.11904
416 -79.2262 0 4 8.57976
556 -78.9681 1 2 54.8072
696 -79.8164 2 3 4.34788
836 -79.0807 0 3 4.84407
4168 -78.6007 1 1 2.55035
206 -78.0801 2 2 53.9704
276 -79.3102 2 2 2.23234
346 -78.4079 2 1 3.11047
416 -79.2262 0 4 8.55046
556 -78.9681 1 2 54.9559
696 -79.8164 2 3 4.33846
836 -79.0807 0 3 4.82319
4168 -78.6007 1 1 2.53886
206 -78.0801 2 2 53.8697
276 -79.3102 2 2 2.22769
346 -78.4079 2 1 3.09607
416 -79.2262 0 4 8.60692
556 -78.9681 1 2 55.3654
696 -79.8164 2 3 4.33513
836 -79.0807 0 3 4.81588
4168 -78.6007 1 1 2.58175
206 -78.0801 2 2 53.6798
276 -79.3102 2 2 2.21828
346 -78.4079 2 1 3.09275
416 -79.2262 0 4 8.58317
556 -78.9681 1 2 55.1159
696 -79.8164 2 3 4.3195
836 -79.0807 0 3 4.80835
4168 -78.6007 1 1 2.57445
206 -78.0801 2 2 53.5351
276 -79.3102 2 2 2.22154
346 -78.4079 2 1 3.08614
416 -79.2262 0 4 8.56777
556 -78.9681 1 2 55.0807
696 -79.8164 2 3 4.35663
836 -79.0807 0 3 4.85547
4168 -78.6007 1 1 2.57179
206 -78.0801 2 2 53.3304
276 -79.3102 2 2 2.21265
346 -78.4079 2 1 3.07811
416 -79.2262 0 4 8.53564
556 -78.9681 1 2 54.9081
696 -79.8164 2 3 4.34567
836 -79.0807 0 3 4.84139
4168 -78.6007 1 1 2.56581
206 -78.0801 2 2 53.7841
276 -79.3102 2 2 2.21063
346 -78.4079 2 1 3.08228
416 -79.2262 0 4 8.56137
556 -78.9681 1 2 54.768
696 -79.8164 2 3 4.34529
836 -79.0807 0 3 4.86803
4168 -78.6007 1 1 2.56609
206 -78.0801 2 2 53.6488
276 -79.3102 2 2 2.2036
346 -78.4079 2 1 3.07214
416 -79.2262 0 4 8.53674
556 -78.9681 1 2 54.6342
696 -79.8164 2 3 4.32788
836 -79.0807 0 3 4.8567
4168 -78.6007 1 1 2.5544
206 -78.0801 2 2 53.7252
276 -79.3102 2 2 2.24888
346 -78.4079 2 1 3.06086
416 -79.2262 0 4 8.51388
556 -78.9681 1 2 55.07
696 -79.8164 2 3 4.32572
836 -79.0807 0 3 4.88113
4168 -78.6007 1 1 2.61596
206 -78.0801 2 2 53.6042
276 -79.3102 2 2 2.24047
346 -78.4079 2 1 3.05105
416 -79.2262 0 4 8.47978
556 -78.9681 1 2 54.9447
696 -79.8164 2 3 4.30797
836 -79.0807 0 3 4.86155
4168 -78.6007 1 1 2.60622
206 -78.0801 1 2 53.6408
276 -79.3102 1 2 2.24285
346 -78.4079 1 1 3.04072
416 -79.2262 0 4 8.49737
556 -78.9681 1 2 55.6873
696 -79.8164 0 3 4.32499
836 -79.0807 0 3 4.91726
4168 -78.6007 1 1 2.59996
206 -78.0801 2 2 53.4063
276 -79.3102 2 2 2.23684
346 -78.4079 2 1 3.02748
416 -79.2262 0 4 8.46347
556 -78.9681 1 2 55.8673
696 -79.8164 2 3 4.31155
836 -79.0807 0 3 4.8989
4168 -78.6007 1 1 2.58786
206 -78.0801 2 2 53.6019
276 -79.3102 2 2 2.22517
346 -78.4079 2 1 3.04593
416 -79.2262 0 4 8.47296
556 -78.9681 1 2 55.941
696 -79.8164 2 3 4.3578
836 -79.0807 0 3 4.90125
4168 -78.6007 1 1 2.58935
206 -78.0801 2 2 54.0782
276 -79.3102 2 2 2.21902
346 -78.4079 2 1 3.03445
416 -79.2262 0 4 8.43165
556 -78.9681 1 2 55.7903
696 -79.8164 2 3 4.33939
836 -79.0807 0 3 4.88414
4168 -78.6007 1 1 2.58201
206 -78.0801 2 2 54.6033
276 -79.3102 2 2 2.23701
346 -78.4079 2 1 3.02806
416 -79.2262 0 4 8.53146
556 -78.9681 1 2 55.6819
696 -79.8164 2 3 4.38581
836 -79.0807 0 3 4.8877
4168 -78.6007 1 1 2.58171
206 -78.0801 2 2 54.4706
276 -79.3102 2 2 2.23147
346 -78.4079 2 1 3.01395
416 -79.2262 0 4 8.50112
556 -78.9681 1 2 55.7053
696 -79.8164 2 3 4.37324
836 -79.0807 0 3 4.87604
4168 -78.6007 1 1 2.57462
206 -78.0801 2 2 55.2637
276 -79.3102 2 2 2.22258
346 -78.4079 2 1 3.0352
416 -79.2262 0 4 8.53406
556 -78.9681 1 2 55.5767
696 -79.8164 2 3 4.41042
836 -79.0807 0 3 4.88063
4168 -78.6007 1 1 2.59512
206 -78.0801 2 2 55.1527
276 -79.3102 2 2 2.21512
346 -78.4079 2 1 3.02601
416 -79.2262 0 4 8.51416
556 -78.9681 1 2 55.4172
696 -79.8164 2 3 4.39447
836 -79.0807 0 3 4.87039
4168 -78.6007 1 1 2.58639
206 -78.0801 2 2 55.1303
276 -79.3102 2 2 2.20754
346 -78.4079 2 1 3.02806
416 -79.2262 0 4 8.50948
556 -78.9681 1 2 55.4268
696 -79.8164 2 3 4.38697
836 -79.0807 0 3 4.86109
4168 -78.6007 1 1 2.66854
206 -78.0801 2 2 54.9503
276 -79.3102 2 2 2.20091
346 -78.4079 2 1 3.01614
416 -79.2262 0 4 8.49561
556 -78.9681 1 2 55.2875
696 -79.8164 2 3 4.37344
836 -79.0807 0 3 4.84937
4168 -78.6007 1 1 2.66042
206 -78.0801 2 2 54.9019
276 -79.3102 2 2 2.19393
346 -78.4079 2 1 3.02132
416 -79.2262 0 4 8.49662
556 -78.9681 1 2 55.295
696 -79.8164 2 3 4.39503
836 -79.0807 0 3 4.86056
4168 -78.6007 1 1 2.65282
206 -78.0801 2 2 54.7843
276 -79.3102 2 2 2.1836
346 -78.4079 2 1 3.00975
416 -79.2262 0 4 8.4653
556 -78.9681 1 2 55.67
696 -79.8164 2 3 4.37607
836 -79.0807 0 3 4.84468
4168 -78.6007 1 1 2.64433
206 -78.0801 2 2 54.9745
276 -79.3102 2 2 2.17654
346 -78.4079 2 1 3.0138
416 -79.2262 0 4 8.53192
556 -78.9681 1 2 55.9837
696 -79.8164 2 3 4.4123
836 -79.0807 0 3 4.87732
4168 -78.6007 1 1 2.63481
206 -78.0801 2 2 55.6035
276 -79.3102 2 2 2.17102
346 -78.4079 2 1 3.00194
416 -79.2262 0 4 8.49187
556 -78.9681 1 2 55.9663
696 -79.8164 2 3 4.40112
836 -79.0807 0 3 4.86152
4168 -78.6007 1 1 2.63014
206 -78.0801 2 2 55.7203
276 -79.3102 2 2 2.17097
346 -78.4079 2 1 3.0076
416 -79.2262 0 4 8.49294
556 -78.9681 1 2 56.2527
696 -79.8164 2 3 4.40887
836 -79.0807 0 3 4.95198
4168 -78.6007 1 1 2.62062
206 -78.0801 2 2 55.5658
276 -79.3102 2 2 2.16596
346 -78.4079 2 1 2.99833
416 -79.2262 0 4 8.47125
556 -78.9681 1 2 56.0165
696 -79.8164 2 3 4.39545
836 -79.0807 0 3 4.93397
4168 -78.6007 1 1 2.60914
206 -78.0801 2 2 55.6979
276 -79.3102 2 2 2.15708
346 -78.4079 2 1 2.99325
416 -79.2262 0 4 8.50606
556 -78.9681 1 2 56.2635
696 -79.8164 2 3 4.39696
836 -79.0807 0 3 4.98013
4168 -78.6007 1 1 2.60894
206 -78.0801 2 2 55.5544
276 -79.3102 2 2 2.15148
346 -78.4079 2 1 2.98454
416 -79.2262 0 4 8.46486
556 -78.9681 1 2 56.0871
696 -79.8164 2 3 4.38633
836 -79.0807 0 3 4.96033
4168 -78.6007 1 1 2.60289
206 -78.0801 2 2 55.3503
276 -79.3102 2 2 2.14339
346 -78.4079 2 1 2.99192
416 -79.2262 0 4 8.53883
556 -78.9681 1 2 56.2416
696 -79.8164 2 3 4.38183
836 -79.0807 0 3 4.99732
4168 -78.6007 1 1 2.59073
206 -78.0801 2 2 55.2729
276 -79.3102 2 2 2.13806
346 -78.4079 2 1 2.98139
416 -79.2262 0 4 8.51372
556 -78.9681 1 2 56.0672
696 -79.8164 2 3 4.3684
836 -79.0807 0 3 4.98211
4168 -78.6007 1 1 2.58371
206 -78.0801 2 2 55.0856
276 -79.3102 2 2 2.16904
346 -78.4079 2 1 2.97996
416 -79.2262 0 4 8.48769
556 -78.9681 1 2 56.2191
696 -79.8164 2 3 4.35407
836 -79.0807 0 3 5.00189
4168 -78.6007 1 1 2.58338
206 -78.0801 2 2 54.8705
276 -79.3102 2 2 2.16342
346 -78.4079 2 1 2.97101
416 -79.2262 0 4 8.47146
556 -78.9681 1 2 56.0525
696 -79.8164 2 3 4.34412
836 -79.0807 0 3 4.98814
4168 -78.6007 1 1 2.57414
206 -78.0801 2 2 54.7962
276 -79.3102 2 2 2.21491
346 -78.4079 2 1 2.96382
416 -79.2262 0 4 8.50243
556 -78.9681 1 2 56.0342
696 -79.8164 2 3 4.35336
836 -79.0807 0 3 4.99144
4168 -78.6007 1 1 2.59001
206 -78.0801 2 2 54.5948
276 -79.3102 2 2 2.20483
346 -78.4079 2 1 2.95162
416 -79.2262 0 4 8.48318
556 -78.9681 1 2 55.7536
696 -79.8164 2 3 4.34186
836 -79.0807 0 3 4.97433
4168 -78.6007 1 1 2.58502
206 -78.0801 2 2 54.4946
276 -79.3102 2 2 2.2053
346 -78.4079 2 1 2.95469
416 -79.2262 0 4 8.47408
556 -78.9681 1 2 56.5578
696 -79.8164 2 3 4.33473
836 -79.0807 0 3 4.98949
4168 -78.6007 1 1 2.58336
206 -78.0801 2 2 54.3506
276 -79.3102 2 2 2.19767
346 -78.4079 2 1 2.94146
416 -79.2262 0 4 8.44826
556 -78.9681 1 2 56.4018
696 -79.8164 2 3 4.31788
836 -79.0807 0 3 4.97905
4168 -78.6007 1 1 2.57351
206 -78.0801 2 2 54.1623
276 -79.3102 2 2 2.21484
346 -78.4079 2 1 2.95618
416 -79.2262 0 4 8.46797
556 -78.9681 1 2 56.5061
696 -79.8164 2 3 4.32277
836 -79.0807 0 3 4.97467
4168 -78.6007 1 1 2.58239
206 -78.0801 2 2 53.9942
276 -79.3102 2 2 2.20732
346 -78.4079 2 1 2.94584
416 -79.2262 0 4 8.44451
556 -78.9681 1 2 56.272
696 -79.8164 2 3 4.30637
836 -79.0807 0 3 4.96108
4168 -78.6007 1 1 2.57269
206 -78.0801 1 2 54.3582
276 -79.3102 1 2 2.21757
346 -78.4079 1 1 2.97833
416 -79.2262 0 4 8.4509
556 -78.9681 1 2 56.4051
696 -79.8164 1 3 4.3349
836 -79.0807 0 3 4.95102
4168 -78.6007 1 1 2.61187
206 -78.0801 2 2 54.8313
276 -79.3102 2 2 2.2115
346 -78.4079 2 1 2.96728
416 -79.2262 0 4 8.41365
556 -78.9681 1 2 56.2915
696 -79.8164 2 3 4.32082
836 -79.0807 0 3 4.94086
4168 -78.6007 1 1 2.60421
206 -78.0801 2 2 54.7322
276 -79.3102 2 2 2.22556
346 -78.4079 2 1 2.95684
416 -79.2262 0 4 8.47775
556 -78.9681 1 2 56.1506
696 -79.8164 2 3 4.34639
836 -79.0807 0 3 4.95196
4168 -78.6007 1 1 2.61456
206 -78.0801 2 2 54.5387
276 -79.3102 2 2 2.21933
346 -78.4079 2 1 2.94868
416 -79.2262 0 4 8.43665
556 -78.9681 1 2 55.9901
696 -79.8164 2 3 4.33556
836 -79.0807 0 3 4.94497
4168 -78.6007 1 1 2.60295
206 -78.0801 2 2 54.9336
276 -79.3102 2 2 2.25756
346 -78.4079 2 1 2.93898
416 -79.2262 0 4 8.47255
556 -78.9681 1 2 55.8402
696 -79.8164 2 3 4.34537
836 -79.0807 0 3 4.93091
4168 -78.6007 1 1 2.59726
206 -78.0801 2 2 54.8445
276 -79.3102 2 2 2.25153
346 -78.4079 2 1 2.93044
416 -79.2262 0 4 8.4416
556 -78.9681 1 2 55.7471
696 -79.8164 2 3 4.33068
836 -79.0807 0 3 4.91456
4168 -78.6007 1 1 2.59118
206 -78.0801 1 2 54.8405
276 -79.3102 1 2 2.25235
346 -78.4079 1 1 2.92348
416 -79.2262 0 4 8.45392
556 -78.9681 1 2 56.3235
696 -79.8164 1 3 4.35301
836 -79.0807 0 3 5.01404
4168 -78.6007 1 1 2.58849
206 -78.0801 2 2 54.6749
276 -79.3102 2 2 2.24923
346 -78.4079 2 1 2.91364
416 -79.2262 0 4 8.43381
556 -78.9681 1 2 56.2302
696 -79.8164 2 3 4.34327
836 -79.0807 0 3 4.99876
4168 -78.6007 1 1 2.58227
206 -78.0801 2 2 54.9805
276 -79.3102 2 2 2.23841
346 -78.4079 2 1 2.91079
416 -79.2262 0 4 8.43382
556 -78.9681 1 2 56.4759
696 -79.8164 2 3 4.3666
836 -79.0807 0 3 4.99709
4168 -78.6007 1 1 2.61862
206 -78.0801 2 2 54.9318
276 -79.3102 2 2 2.2312
346 -78.4079 2 1 2.90395
416 -79.2262 0 4 8.41191
556 -78.9681 1 2 56.484
696 -79.8164 2 3 4.35165
836 -79.0807 0 3 4.98244
4168 -78.6007 1 1 2.61152
206 -78.0801 2 2 54.8444
276 -79.3102 2 2 2.24035
346 -78.4079 2 1 2.91002
416 -79.2262 0 4 8.41809
556 -78.9681 1 2 56.9916
696 -79.8164 2 3 4.36138
836 -79.0807 0 3 5.00281
4168 -78.6007 1 1 2.62289
206 -78.0801 2 2 54.69
276 -79.3102 2 2 2.23336
346 -78.4079 2 1 2.90145
416 -79.2262 0 4 8.38686
556 -78.9681 1 2 56.8524
696 -79.8164 2 3 4.34684
836 -79.0807 0 3 4.98299
4168 -78.6007 1 1 2.61496
206 -78.0801 2 2 54.8887
276 -79.3102 2 2 2.26426
346 -78.4079 2 1 2.90369
416 -79.2262 0 4 8.41219
556 -78.9681 1 2 56.7613
696 -79.8164 2 3 4.40455
836 -79.0807 0 3 5.00325
4168 -78.6007 1 1 2.62396
206 -78.0801 2 2 54.8051
276 -79.3102 2 2 2.25943
346 -78.4079 2 1 2.89326
416 -79.2262 0 4 8.39343
556 -78.9681 1 2 56.5907
696 -79.8164 2 3 4.38972
836 -79.0807 0 3 4.98264
4168 -78.6007 1 1 2.61711
206 -78.0801 2 2 54.6643
276 -79.3102 2 2 2.26682
346 -78.4079 2 1 2.89216
416 -79.2262 0 4 8.36706
556 -78.9681 1 2 56.4443
696 -79.8164 2 3 4.46385
836 -79.0807 0 3 4.99331
4168 -78.6007 1 1 2.61882
206 -78.0801 2 2 54.4639
276 -79.3102 2 2 2.25979
346 -78.4079 2 1 2.88143
416 -79.2262 0 4 8.3374
556 -78.9681 1 2 56.2915
696 -79.8164 2 3 4.45476
836 -79.0807 0 3 4.97846
4168 -78.6007 1 1 2.61053
206 -78.0801 2 2 54.3788
276 -79.3102 2 2 2.28371
346 -78.4079 2 1 2.8722
416 -79.2262 0 4 8.33896
556 -78.9681 1 2 56.2673
696 -79.8164 2 3 4.45578
836 -79.0807 0 3 5.02138
4168 -78.6007 1 1 2.61052
206 -78.0801 2 2 54.2405
276 -79.3102 2 2 2.27567
346 -78.4079 2 1 2.86707
416 -79.2262 0 4 8.30596
556 -78.9681 1 2 56.0986
696 -79.8164 2 3 4.43835
836 -79.0807 0 3 5.01209
4168 -78.6007 1 1 2.6034
206 -78.0801 2 2 54.2219
276 -79.3102 2 2 2.27556
346 -78.4079 2 1 2.85573
416 -79.2262 0 4 8.41534
556 -78.9681 1 2 55.9684
696 -79.8164 2 3 4.45018
836 -79.0807 0 3 5.01317
4168 -78.6007 1 1 2.59887
206 -78.0801 2 2 54.1173
276 -79.3102 2 2 2.27089
346 -78.4079 2 1 2.85127
416 -79.2262 0 4 8.39261
556 -78.9681 1 2 55.8227
696 -79.8164 2 3 4.44164
836 -79.0807 0 3 5.00377
4168 -78.6007 1 1 2.59031
206 -78.0801 2 2 53.9812
276 -79.3102 2 2 2.27038
346 -78.4079 2 1 2.86988
416 -79.2262 0 4 8.37226
556 -78.9681 1 2 56.0249
696 -79.8164 2 3 4.49486
836 -79.0807 0 3 5.01654
4168 -78.6007 1 1 2.59784
206 -78.0801 2 2 53.8814
276 -79.3102 2 2 2.26256
346 -78.4079 2 1 2.8602
416 -79.2262 0 4 8.34392
556 -78.9681 1 2 55.8901
696 -79.8164 2 3 4.47928
836 -79.0807 0 3 5.00572
4168 -78.6007 1 1 2.59394
206 -78.0801 2 2 53.8454
276 -79.3102 2 2 2.25734
346 -78.4079 2 1 2.86672
416 -79.2262 0 4 8.36094
556 -78.9681 1 2 55.7894
696 -79.8164 2 3 4.52643
836 -79.0807 0 3 5.00824
4168 -78.6007 1 1 2.62201
206 -78.0801 2 2 53.914
276 -79.3102 2 2 2.25399
346 -78.4079 2 1 2.85885
416 -79.2262 0 4 8.34032
556 -78.9681 1 2 55.5724
696 -79.8164 2 3 4.51612
836 -79.0807 0 3 4.99405
4168 -78.6007 1 1 2.61225
206 -78.0801 1 2 53.8251
276 -79.3102 2 2 2.24401
346 -78.4079 1 1 2.90224
416 -79.2262 0 4 8.34437
556 -78.9681 1 2 56.1873
696 -79.8164 2 3 4.52768
836 -79.0807 0 3 4.9831
4168 -78.6007 1 1 2.62956
206 -78.0801 2 2 53.6302
276 -79.3102 2 2 2.23674
346 -78.4079 2 1 2.89135
416 -79.2262 0 4 8.33502
556 -78.9681 1 2 56.4838
696 -79.8164 2 3 4.51422
836 -79.0807 0 3 4.96469
4168 -78.6007 1 1 2.61928
206 -78.0801 2 2 53.6051
276 -79.3102 2 2 2.25505
346 -78.4079 2 1 2.89437
416 -79.2262 0 4 8.33161
556 -78.9681 1 2 56.6425
696 -79.8164 2 3 4.53966
836 -79.0807 0 3 4.99073
4168 -78.6007 1 1 2.61206
206 -78.0801 2 2 53.6612
276 -79.3102 2 2 2.24603
346 -78.4079 2 1 2.8852
416 -79.2262 0 4 8.31205
556 -78.9681 1 2 56.7263
696 -79.8164 2 3 4.52853
836 -79.0807 0 3 4.97732
4168 -78.6007 1 1 2.60425
206 -78.0801 2 2 53.6832
276 -79.3102 2 2 2.25323
346 -78.4079 2 1 2.88245
416 -79.2262 0 4 8.30992
556 -78.9681 1 2 57.0158
696 -79.8164 2 3 4.52567
836 -79.0807 0 3 4.96468
4168 -78.6007 1 1 2.5968
206 -78.0801 2 2 53.8321
276 -79.3102 2 2 2.24812
346 -78.4079 2 1 2.8766
416 -79.2262 0 4 8.28484
556 -78.9681 1 2 56.8297
696 -79.8164 2 3 4.51235
836 -79.0807 0 3 4.95124
4168 -78.6007 1 1 2.58915
206 -78.0801 1 2 53.8558
276 -79.3102 2 2 2.26415
346 -78.4079 1 1 2.88555
416 -79.2262 0 4 8.29912
556 -78.9681 1 2 57.0273
696 -79.8164 2 3 4.53786
836 -79.0807 0 3 4.9766
4168 -78.6007 1 1 2.58085
206 -78.0801 2 2 54.1577
276 -79.3102 2 2 2.25591
346 -78.4079 2 1 2.87773
416 -79.2262 0 4 8.28199
556 -78.9681 1 2 57.3183
696 -79.8164 2 3 4.5281
836 -79.0807 0 3 4.96508
4168 -78.6007 1 1 2.57566
206 -78.0801 2 2 54.2397
276 -79.3102 2 2 2.30779
346 -78.4079 2 1 2.87089
416 -79.2262 0 4 8.284
556 -78.9681 1 2 57.334
696 -79.8164 2 3 4.56994
836 -79.0807 0 3 4.97704
4168 -78.6007 1 1 2.56729
206 -78.0801 2 2 54.0637
276 -79.3102 2 2 2.30274
346 -78.4079 2 1 2.86137
416 -79.2262 0 4 8.26271
556 -78.9681 1 2 57.1322
696 -79.8164 2 3 4.55977
836 -79.0807 0 3 4.96306
4168 -78.6007 1 1 2.55937
206 -78.0801 2 2 54.4797
276 -79.3102 2 2 2.30337
346 -78.4079 2 1 2.88821
416 -79.2262 0 4 8.29306
556 -78.9681 1 2 57.1219
696 -79.8164 2 3 4.5738
836 -79.0807 0 3 4.96668
4168 -78.6007 1 1 2.58695
206 -78.0801 2 2 54.4747
276 -79.3102 2 2 2.2969
346 -78.4079 2 1 2.88508
416 -79.2262 0 4 8.27375
556 -78.9681 1 2 57.1789
696 -79.8164 2 3 4.57175
836 -79.0807 0 3 4.94956
4168 -78.6007 1 1 2.58
206 -78.0801 2 2 54.7454
276 -79.3102 2 2 2.28678
346 -78.4079 2 1 2.88373
416 -79.2262 0 4 8.30499
556 -78.9681 1 2 57.3539
696 -79.8164 2 3 4.58202
836 -79.0807 0 3 4.9403
4168 -78.6007 1 1 2.57476
206 -78.0801 2 2 54.635
276 -79.3102 2 2 2.28227
346 -78.4079 2 1 2.87423
416 -79.2262 0 4 8.27436
556 -78.9681 1 2 57.1733
696 -79.8164 2 3 4.57514
836 -79.0807 0 3 4.92257
4168 -78.6007 1 1 2.56618
206 -78.0801 2 2 55.2119
276 -79.3102 2 2 2.31
346 -78.4079 2 1 2.86559
416 -79.2262 0 4 8.26918
556 -78.9681 1 2 57.1536
696 -79.8164 2 3 4.62807
836 -79.0807 0 3 4.96105
4168 -78.6007 1 1 2.55787
206 -78.0801 2 2 55.1263
276 -79.3102 2 2 2.30381
346 -78.4079 2 1 2.8598
416 -79.2262 0 4 8.24307
556 -78.9681 1 2 56.9976
696 -79.8164 2 3 4.61219
836 -79.0807 0 3 4.94881
4168 -78.6007 1 1 2.55312
206 -78.0801 2 2 55.3108
276 -79.3102 2 2 2.29703
346 -78.4079 2 1 2.85072
416 -79.2262 0 4 8.25114
556 -78.9681 1 2 57.0873
696 -79.8164 2 3 4.64568
836 -79.0807 0 3 4.96423
4168 -78.6007 1 1 2.56659
206 -78.0801 2 2 55.2319
276 -79.3102 2 2 2.29077
346 -78.4079 2 1 2.84159
416 -79.2262 0 4 8.22283
556 -78.9681 1 2 56.8825
696 -79.8164 2 3 4.62878
836 -79.0807 0 3 4.9567
4168 -78.6007 1 1 2.56248
206 -78.0801 2 2 55.4033
276 -79.3102 2 2 2.28601
346 -78.4079 2 1 2.83582
416 -79.2262 0 4 8.22833
556 -78.9681 1 2 56.8277
696 -79.8164 2 3 4.64836
836 -79.0807 0 3 4.99832
4168 -78.6007 1 1 2.56516
206 -78.0801 2 2 55.7174
276 -79.3102 2 2 2.27826
346 -78.4079 2 1 2.82651
416 -79.2262 0 4 8.21088
556 -78.9681 1 2 56.749
696 -79.8164 2 3 4.6372
836 -79.0807 0 3 4.98606
4168 -78.6007 1 1 2.55797
206 -78.0801 2 2 55.6113
276 -79.3102 2 2 2.31294
346 -78.4079 2 1 2.82678
416 -79.2262 0 4 8.19613
556 -78.9681 1 2 56.8512
696 -79.8164 2 3 4.67347
836 -79.0807 0 3 4.97984
4168 -78.6007 1 1 2.55256
206 -78.0801 2 2 55.467
276 -79.3102 2 2 2.30725
346 -78.4079 2 1 2.81615
416 -79.2262 0 4 8.17896
556 -78.9681 1 2 56.6221
696 -79.8164 2 3 4.66246
836 -79.0807 0 3 4.96872
4168 -78.6007 1 1 2.54579
206 -78.0801 2 2 55.8941
276 -79.3102 2 2 2.30006
346 -78.4079 2 1 2.81865
416 -79.2262 0 4 8.22695
556 -78.9681 1 2 56.5453
696 -79.8164 2 3 4.69425
836 -79.0807 0 3 4.97106
4168 -78.6007 1 1 2.56725
206 -78.0801 2 2 55.8713
276 -79.3102 2 2 2.29279
346 -78.4079 2 1 2.80907
416 -79.2262 0 4 8.19976
556 -78.9681 1 2 56.428
696 -79.8164 2 3 4.6826
836 -79.0807 0 3 4.96423
4168 -78.6007 1 1 2.55989
206 -78.0801 2 2 56.2558
276 -79.3102 2 2 2.29509
346 -78.4079 2 1 2.80859
416 -79.2262 0 4 8.22005
556 -78.9681 1 2 56.4628
696 -79.8164 2 3 4.66998
836 -79.0807 0 3 5.01206
4168 -78.6007 1 1 2.5914
206 -78.0801 2 2 56.0805
276 -79.3102 2 2 2.28816
346 -78.4079 2 1 2.80234
416 -79.2262 0 4 8.19612
556 -78.9681 1 2 56.3516
696 -79.8164 2 3 4.6638
836 -79.0807 0 3 4.99841
4168 -78.6007 1 1 2.58464
206 -78.0801 1 2 56.8149
276 -79.3102 2 2 2.29069
346 -78.4079 1 1 2.83562
416 -79.2262 0 4 8.20738
556 -78.9681 1 2 56.1961
696 -79.8164 1 3 4.72814
836 -79.0807 0 3 5.02755
4168 -78.6007 1 1 2.60546
206 -78.0801 2 2 56.8659
276 -79.3102 2 2 2.28273
346 -78.4079 2 1 2.82446
416 -79.2262 0 4 8.1818
556 -78.9681 1 2 56.0148
696 -79.8164 2 3 4.71069
836 -79.0807 0 3 5.01295
4168 -78.6007 1 1 2.59613
206 -78.0801 2 2 57.1832
276 -79.3102 2 2 2.28282
346 -78.4079 2 1 2.81607
416 -79.2262 0 4 8.2055
556 -78.9681 1 2 55.9856
696 -79.8164 2 3 4.73795
836 -79.0807 0 3 5.00951
4168 -78.6007 1 1 2.60406
206 -78.0801 2 2 56.9863
276 -79.3102 2 2 2.27939
346 -78.4079 2 1 2.81049
416 -79.2262 0 4 8.17391
556 -78.9681 1 2 55.8341
696 -79.8164 2 3 4.72587
836 -79.0807 0 3 4.99409
4168 -78.6007 1 1 2.59591
206 -78.0801 2 2 57.0441
276 -79.3102 2 2 2.30392
346 -78.4079 2 1 2.80623
416 -79.2262 0 4 8.22522
556 -78.9681 1 2 56.2422
696 -79.8164 2 3 4.71374
836 -79.0807 0 3 4.98451
4168 -78.6007 1 1 2.62958
206 -78.0801 2 2 56.8648
276 -79.3102 2 2 2.29734
346 -78.4079 2 1 2.79438
416 -79.2262 0 4 8.20516
556 -78.9681 1 2 56.3133
696 -79.8164 2 3 4.70115
836 -79.0807 0 3 4.97003
4168 -78.6007 1 1 2.62198
206 -78.0801 2 2 56.7935
276 -79.3102 2 2 2.30525
346 -78.4079 2 1 2.80657
416 -79.2262 0 4 8.25701
556 -78.9681 1 2 56.4632
696 -79.8164 2 3 4.69135
836 -79.0807 0 3 4.95639
4168 -78.6007 1 1 2.61648
206 -78.0801 2 2 56.6661
276 -79.3102 2 2 2.29896
346 -78.4079 2 1 2.79938
416 -79.2262 0 4 8.23364
556 -78.9681 1 2 56.2792
696 -79.8164 2 3 4.67765
836 -79.0807 0 3 4.94175
4168 -78.6007 1 1 2.60821
206 -78.0801 2 2 56.5859
276 -79.3102 2 2 2.31474
346 -78.4079 2 1 2.79866
416 -79.2262 0 4 8.2449
556 -78.9681 1 2 56.3768
696 -79.8164 2 3 4.69075
836 -79.0807 0 3 4.93538
4168 -78.6007 1 1 2.61433
206 -78.0801 2 2 56.4198
276 -79.3102 2 2 2.30844
346 -78.4079 2 1 2.79489
416 -79.2262 0 4 8.22535
556 -78.9681 1 2 56.1818
696 -79.8164 2 3 4.67855
836 -79.0807 0 3 4.92476
4168 -78.6007 1 1 2.61143
206 -78.0801 2 2 56.3237
276 -79.3102 2 2 2.31952
346 -78.4079 2 1 2.80439
416 -79.2262 0 4 8.20083
556 -78.9681 1 2 56.051
696 -79.8164 2 3 4.67266
836 -79.0807 0 3 4.93582
4168 -78.6007 1 1 2.62024
206 -78.0801 2 2 56.1988
276 -79.3102 2 2 2.3141
346 -78.4079 2 1 2.79756
416 -79.2262 0 4 8.18187
556 -78.9681 1 2 55.959
696 -79.8164 2 3 4.66005
836 -79.0807 0 3 4.92392
4168 -78.6007 1 1 2.61607
206 -78.0801 2 2 56.1146
276 -79.3102 2 2 2.31634
346 -78.4079 2 1 2.80595
416 -79.2262 0 4 8.19446
556 -78.9681 1 2 56.2258
696 -79.8164 2 3 4.65613
836 -79.0807 0 3 4.98629
4168 -78.6007 1 1 2.60705
206 -78.0801 2 2 56.1174
276 -79.3102 2 2 2.30993
346 -78.4079 2 1 2.7945
416 -79.2262 0 4 8.1764
556 -78.9681 1 2 56.059
696 -79.8164 2 3 4.64379
836 -79.0807 0 3 4.97382
4168 -78.6007 1 1 2.60176
206 -78.0801 2 2 56.0058
276 -79.3102 2 2 2.30557
346 -78.4079 2 1 2.78996
416 -79.2262 0 4 8.17534
556 -78.9681 1 2 56.5461
696 -79.8164 2 3 4.67561
836 -79.0807 0 3 4.96961
4168 -78.6007 1 1 2.59981
206 -78.0801 2 2 55.8622
276 -79.3102 2 2 2.29691
346 -78.4079 2 1 2.78262
416 -79.2262 0 4 8.15383
556 -78.9681 1 2 56.3557
696 -79.8164 2 3 4.66402
836 -79.0807 0 3 4.95353
4168 -78.6007 1 1 2.59473
206 -78.0801 2 2 55.9256
276 -79.3102 2 2 2.29228
346 -78.4079 2 1 2.77453
416 -79.2262 0 4 8.27348
556 -78.9681 1 2 56.3027
696 -79.8164 2 3 4.69747
836 -79.0807 0 3 4.95637
4168 -78.6007 1 1 2.61224
206 -78.0801 2 2 55.8719
276 -79.3102 2 2 2.28763
346 -78.4079 2 1 2.76951
416 -79.2262 0 4 8.26274
556 -78.9681 1 2 56.1228
696 -79.8164 2 3 4.68475
836 -79.0807 0 3 4.94805
4168 -78.6007 1 1 2.60669
206 -78.0801 2 2 55.7194
276 -79.3102 2 2 2.30145
346 -78.4079 2 1 2.76126
416 -79.2262 0 4 8.24922
556 -78.9681 1 2 56.6899
696 -79.8164 2 3 4.72395
836 -79.0807 0 3 5.01889
4168 -78.6007 1 1 2.60492
206 -78.0801 2 2 55.5408
276 -79.3102 2 2 2.29296
346 -78.4079 2 1 2.75147
416 -79.2262 0 4 8.22626
556 -78.9681 1 2 56.5449
696 -79.8164 2 3 4.71531
836 -79.0807 0 3 4.99924
4168 -78.6007 1 1 2.59859
206 -78.0801 2 2 55.6472
276 -79.3102 2 2 2.28752
346 -78.4079 2 1 2.75489
416 -79.2262 0 4 8.2454
556 -78.9681 1 2 56.8498
696 -79.8164 2 3 4.73151
836 -79.0807 0 3 5.0004
4168 -78.6007 1 1 2.60201
206 -78.0801 2 2 55.5592
276 -79.3102 2 2 2.28161
346 -78.4079 2 1 2.746
416 -79.2262 0 4 8.22696
556 -78.9681 1 2 56.7279
696 -79.8164 2 3 4.7136
836 -79.0807 0 3 4.98906
4168 -78.6007 1 1 2.59323
206 -78.0801 1 2 55.7632
276 -79.3102 1 2 2.28303
346 -78.4079 0 1 2.75251
416 -79.2262 0 4 8.20558
556 -78.9681 1 2 57.0824
696 -79.8164 0 3 4.74161
836 -79.0807 0 3 4.98754
4168 -78.6007 1 1 2.60433
206 -78.0801 2 2 55.6738
276 -79.3102 2 2 2.27527
346 -78.4079 2 1 2.74358
416 -79.2262 0 4 8.17853
556 -78.9681 1 2 57.3792
696 -79.8164 2 3 4.72723
836 -79.0807 0 3 4.9754
4168 -78.6007 1 1 2.59992
206 -78.0801 2 2 56.0515
276 -79.3102 1 2 2.29594
346 -78.4079 1 1 2.76748
416 -79.2262 0 4 8.16337
556 -78.9681 1 2 57.4117
696 -79.8164 1 3 4.74026
836 -79.0807 0 3 4.97662
4168 -78.6007 1 1 2.59256
206 -78.0801 2 2 56.3491
276 -79.3102 2 2 2.29004
346 -78.4079 2 1 2.76255
416 -79.2262 0 4 8.14859
556 -78.9681 1 2 57.984
696 -79.8164 2 3 4.73214
836 -79.0807 0 3 4.96414
4168 -78.6007 1 1 2.58435
206 -78.0801 2 2 56.6934
276 -79.3102 2 2 2.31694
346 -78.4079 2 1 2.76628
416 -79.2262 0 4 8.18288
556 -78.9681 1 2 58.1774
696 -79.8164 2 3 4.7394
836 -79.0807 0 3 4.9618
4168 -78.6007 1 1 2.5843
206 -78.0801 2 2 56.6768
276 -79.3102 2 2 2.30858
346 -78.4079 2 1 2.76174
416 -79.2262 0 4 8.16912
556 -78.9681 1 2 58.4083
696 -79.8164 2 3 4.73216
836 -79.0807 0 3 4.9501
4168 -78.6007 1 1 2.57776
206 -78.0801 2 2 56.6825
276 -79.3102 2 2 2.30939
346 -78.4079 2 1 2.76706
416 -79.2262 0 4 8.18766
556 -78.9681 1 2 58.233
696 -79.8164 2 3 4.73309
836 -79.0807 0 3 4.94002
4168 -78.6007 1 1 2.59245
206 -78.0801 2 2 56.4915
276 -79.3102 2 2 2.30372
346 -78.4079 2 1 2.76059
416 -79.2262 0 4 8.17221
556 -78.9681 1 2 58.1251
696 -79.8164 2 3 4.72424
836 -79.0807 0 3 4.93266
4168 -78.6007 1 1 2.58407
206 -78.0801 2 2 56.6868
276 -79.3102 2 2 2.29763
346 -78.4079 2 1 2.75099
416 -79.2262 0 4 8.16055
556 -78.9681 1 2 58.2146
696 -79.8164 2 3 4.72281
836 -79.0807 0 3 4.93825
4168 -78.6007 1 1 2.57852
206 -78.0801 2 2 56.8013
276 -79.3102 2 2 2.2948
346 -78.4079 2 1 2.74631
416 -79.2262 0 4 8.15124
556 -78.9681 1 2 58.0461
696 -79.8164 2 3 4.70803
836 -79.0807 0 3 4.92491
4168 -78.6007 1 1 2.57268
206 -78.0801 2 2 56.7769
276 -79.3102 2 2 2.29932
346 -78.4079 1 1 2.75185
416 -79.2262 0 4 8.13951
556 -78.9681 1 2 58.1427
696 -79.8164 2 3 4.74986
836 -79.0807 0 3 4.97656
4168 -78.6007 0 1 2.57691
206 -78.0801 2 2 56.6764
276 -79.3102 2 2 2.29345
346 -78.4079 2 1 2.74488
416 -79.2262 0 4 8.12064
556 -78.9681 1 2 59.3269
696 -79.8164 2 3 4.73423
836 -79.0807 0 3 4.97042
4168 -78.6007 1 1 2.57227
206 -78.0801 2 2 56.593
276 -79.3102 2 2 2.29549
346 -78.4079 2 1 2.79307
416 -79.2262 0 4 8.11539
556 -78.9681 1 2 59.5223
696 -79.8164 2 3 4.7457
836 -79.0807 0 3 4.95781
4168 -78.6007 1 1 2.59788
206 -78.0801 2 2 56.4368
276 -79.3102 2 2 2.28775
346 -78.4079 2 1 2.78719
416 -79.2262 0 4 8.09049
556 -78.9681 1 2 59.3724
696 -79.8164 2 3 4.73175
836 -79.0807 0 3 4.9452
4168 -78.6007 1 1 2.58865
206 -78.0801 2 2 56.5194
276 -79.3102 2 2 2.28933
346 -78.4079 2 1 2.84161
416 -79.2262 0 4 8.12899
556 -78.9681 1 2 59.6516
696 -79.8164 2 3 4.74348
836 -79.0807 0 3 4.95789
4168 -78.6007 1 1 2.58258
206 -78.0801 2 2 56.3776
276 -79.3102 2 2 2.28428
346 -78.4079 2 1 2.83512
416 -79.2262 0 4 8.10887
556 -78.9681 1 2 59.6049
696 -79.8164 2 3 4.73033
836 -79.0807 0 3 4.94557
4168 -78.6007 1 1 2.57637
206 -78.0801 2 2 56.454
276 -79.3102 2 2 2.28939
346 -78.4079 2 1 2.82745
416 -79.2262 0 4 8.13576
556 -78.9681 1 2 59.527
696 -79.8164 2 3 4.74505
836 -79.0807 0 3 4.96821
4168 -78.6007 1 1 2.5832
206 -78.0801 2 2 56.3127
276 -79.3102 2 2 2.28502
346 -78.4079 2 1 2.81857
416 -79.2262 0 4 8.11004
556 -78.9681 1 2 59.3875
696 -79.8164 2 3 4.73503
836 -79.0807 0 3 4.9548
4168 -78.6007 1 1 2.57619
206 -78.0801 2 2 56.1884
276 -79.3102 2 2 2.31663
346 -78.4079 2 1 2.86659
416 -79.2262 0 4 8.09717
556 -78.9681 1 2 59.6702
696 -79.8164 2 3 4.74005
836 -79.0807 0 3 4.95378
4168 -78.6007 1 1 2.58748
206 -78.0801 2 2 56.0936
276 -79.3102 2 2 2.31064
346 -78.4079 2 1 2.86171
416 -79.2262 0 4 8.08372
556 -78.9681 1 2 59.5272
696 -79.8164 2 3 4.73206
836 -79.0807 0 3 4.94361
4168 -78.6007 1 1 2.58207
206 -78.0801 2 2 55.9888
276 -79.3102 2 2 2.3062
346 -78.4079 2 1 2.85827
416 -79.2262 0 4 8.08615
556 -78.9681 1 2 59.6826
696 -79.8164 2 3 4.72299
836 -79.0807 0 3 4.93425
4168 -78.6007 1 1 2.59326
206 -78.0801 2 2 55.8092
276 -79.3102 2 2 2.29973
346 -78.4079 2 1 2.85374
416 -79.2262 0 4 8.06225
556 -78.9681 1 2 59.5059
696 -79.8164 2 3 4.7078
836 -79.0807 0 3 4.92482
4168 -78.6007 1 1 2.58672
206 -78.0801 2 2 55.655
276 -79.3102 2 2 2.31704
346 -78.4079 2 1 2.85052
416 -79.2262 0 4 8.09981
556 -78.9681 1 2 59.4303
696 -79.8164 2 3 4.69913
836 -79.0807 0 3 4.96279
4168 -78.6007 1 1 2.58079
206 -78.0801 2 2 55.5301
276 -79.3102 2 2 2.31435
346 -78.4079 2 1 2.84679
416 -79.2262 0 4 8.07785
556 -78.9681 1 2 59.2559
696 -79.8164 2 3 4.69052
836 -79.0807 0 3 4.95371
4168 -78.6007 1 1 2.57547
206 -78.0801 2 2 55.8326
276 -79.3102 2 2 2.3254
346 -78.4079 2 1 2.85699
416 -79.2262 0 4 8.09681
556 -78.9681 1 2 59.1835
696 -79.8164 2 3 4.6909
836 -79.0807 0 3 4.95309
4168 -78.6007 1 1 2.56889
206 -78.0801 2 2 55.6796
276 -79.3102 2 2 2.31774
346 -78.4079 2 1 2.85207
416 -79.2262 0 4 8.0816
556 -78.9681 1 2 58.9733
696 -79.8164 2 3 4.67729
836 -79.0807 0 3 4.94265
4168 -78.6007 1 1 2.56432
206 -78.0801 2 2 55.6392
276 -79.3102 2 2 2.31414
346 -78.4079 2 1 2.84735
416 -79.2262 0 4 8.06633
556 -78.9681 1 2 59.0578
696 -79.8164 2 3 4.70319
836 -79.0807 0 3 4.99909
4168 -78.6007 1 1 2.55609
206 -78.0801 2 2 55.4973
276 -79.3102 2 2 2.30708
346 -78.4079 2 1 2.84094
416 -79.2262 0 4 8.05874
556 -78.9681 1 2 58.9566
696 -79.8164 2 3 4.69672
836 -79.0807 0 3 4.98412
4168 -78.6007 1 1 2.54996
206 -78.0801 2 2 55.384
276 -79.3102 2 2 2.30191
346 -78.4079 2 1 2.83483
416 -79.2262 0 4 8.11114
556 -78.9681 1 2 58.9028
696 -79.8164 2 3 4.68434
836 -79.0807 0 3 5.00163
4168 -78.6007 1 1 2.57543
206 -78.0801 2 2 55.3096
276 -79.3102 2 2 2.29615
346 -78.4079 2 1 2.82758
416 -79.2262 0 4 8.0798
556 -78.9681 1 2 58.7339
696 -79.8164 2 3 4.66884
836 -79.0807 0 3 4.98756
4168 -78.6007 1 1 2.56746
206 -78.0801 2 2 55.1423
276 -79.3102 2 2 2.30529
346 -78.4079 2 1 2.82234
416 -79.2262 0 4 8.11712
556 -78.9681 1 2 59.0591
696 -79.8164 2 3 4.69229
836 -79.0807 0 3 5.00089
4168 -78.6007 1 1 2.59883
206 -78.0801 2 2 55.019
276 -79.3102 2 2 2.29836
346 -78.4079 2 1 2.81407
416 -79.2262 0 4 8.10416
556 -78.9681 1 2 59.0831
696 -79.8164 2 3 4.67678
836 -79.0807 0 3 4.99072
4168 -78.6007 1 1 2.5915
206 -78.0801 2 2 55.4019
276 -79.3102 2 2 2.30079
346 -78.4079 2 1 2.82649
416 -79.2262 0 4 8.10954
556 -78.9681 1 2 59.0866
696 -79.8164 2 3 4.66838
836 -79.0807 0 3 5.02558
4168 -78.6007 1 1 2.62111
206 -78.0801 2 2 55.264
276 -79.3102 2 2 2.29462
346 -78.4079 2 1 2.81951
416 -79.2262 0 4 8.08456
556 -78.9681 1 2 58.9189
696 -79.8164 2 3 4.65859
836 -79.0807 0 3 5.0146
4168 -78.6007 1 1 2.61355
206 -78.0801 2 2 55.2276
276 -79.3102 2 2 2.3058
346 -78.4079 2 1 2.81468
416 -79.2262 0 4 8.0935
556 -78.9681 1 2 59.1994
696 -79.8164 2 3 4.65425
836 -79.0807 0 3 5.01307
4168 -78.6007 1 1 2.66875
206 -78.0801 2 2 55.072
276 -79.3102 2 2 2.29949
346 -78.4079 2 1 2.80755
416 -79.2262 0 4 8.06517
556 -78.9681 1 2 59.0492
696 -79.8164 2 3 4.64052
836 -79.0807 0 3 4.99971
4168 -78.6007 1 1 2.66124
206 -78.0801 2 2 55.2053
276 -79.3102 2 2 2.30746
346 -78.4079 2 1 2.81909
416 -79.2262 0 4 8.11452
556 -78.9681 1 2 58.9622
696 -79.8164 2 3 4.66942
836 -79.0807 0 3 5.052
4168 -78.6007 1 1 2.66335
206 -78.0801 2 2 55.1433
276 -79.3102 2 2 2.30232
346 -78.4079 2 1 2.81188
416 -79.2262 0 4 8.0937
556 -78.9681 1 2 58.8592
696 -79.8164 2 3 4.65897
836 -79.0807 0 3 5.04054
4168 -78.6007 1 1 2.67258
206 -78.0801 2 2 54.9463
276 -79.3102 2 2 2.30068
346 -78.4079 2 1 2.82615
416 -79.2262 0 4 8.13712
556 -78.9681 1 2 58.931
696 -79.8164 2 3 4.67165
836 -79.0807 0 3 5.04336
4168 -78.6007 1 1 2.67668
206 -78.0801 2 2 54.8677
276 -79.3102 2 2 2.29542
346 -78.4079 2 1 2.81987
416 -79.2262 0 4 8.11651
556 -78.9681 1 2 58.7924
696 -79.8164 2 3 4.66052
836 -79.0807 0 3 5.032
4168 -78.6007 1 1 2.67047
206 -78.0801 2 2 54.8033
276 -79.3102 2 2 2.37974
346 -78.4079 2 1 2.81571
416 -79.2262 0 4 8.11379
556 -78.9681 1 2 58.7196
696 -79.8164 2 3 4.70093
836 -79.0807 0 3 5.03561
4168 -78.6007 1 1 2.66421
206 -78.0801 2 2 54.6813
276 -79.3102 2 2 2.37153
346 -78.4079 2 1 2.80891
416 -79.2262 0 4 8.09265
556 -78.9681 1 2 58.6021
696 -79.8164 2 3 4.69116
836 -79.0807 0 3 5.02546
4168 -78.6007 1 1 2.66127
206 -78.0801 2 2 54.7339
276 -79.3102 2 2 2.37384
346 -78.4079 2 1 2.81209
416 -79.2262 0 4 8.19189
556 -78.9681 1 2 59.1098
696 -79.8164 2 3 4.71877
836 -79.0807 0 3 5.01485
4168 -78.6007 1 1 2.6523
206 -78.0801 2 2 54.6699
276 -79.3102 2 2 2.36739
346 -78.4079 2 1 2.80646
416 -79.2262 0 4 8.17344
556 -78.9681 1 2 59.0017
696 -79.8164 2 3 4.71019
836 -79.0807 0 3 5.00251
4168 -78.6007 1 1 2.64738
206 -78.0801 2 2 54.9552
276 -79.3102 2 2 2.36876
346 -78.4079 2 1 2.80212
416 -79.2262 0 4 8.18523
556 -78.9681 1 2 59.006
696 -79.8164 2 3 4.72632
836 -79.0807 0 3 4.995
4168 -78.6007 1 1 2.6404
206 -78.0801 2 2 54.8723
276 -79.3102 2 2 2.36052
346 -78.4079 2 1 2.79348
416 -79.2262 0 4 8.16308
556 -78.9681 1 2 58.8424
696 -79.8164 2 3 4.71309
836 -79.0807 0 3 4.98695
4168 -78.6007 1 1 2.63375
206 -78.0801 2 2 54.8505
276 -79.3102 2 2 2.37853
346 -78.4079 2 1 2.82086
416 -79.2262 0 4 8.1787
556 -78.9681 1 2 58.723
696 -79.8164 2 3 4.71274
836 -79.0807 0 3 4.99437
4168 -78.6007 1 1 2.63618
206 -78.0801 2 2 54.7099
276 -79.3102 2 2 2.37284
346 -78.4079 2 1 2.81596
416 -79.2262 0 4 8.15522
556 -78.9681 1 2 58.5394
696 -79.8164 2 3 4.70111
836 -79.0807 0 3 4.98362
4168 -78.6007 1 1 2.62951
206 -78.0801 2 2 54.8301
276 -79.3102 2 2 2.38492
346 -78.4079 2 1 2.82083
416 -79.2262 0 4 8.16263
556 -78.9681 1 2 58.5447
696 -79.8164 2 3 4.72124
836 -79.0807 0 3 5.01204
4168 -78.6007 1 1 2.62215
206 -78.0801 2 2 54.7649
276 -79.3102 2 2 2.38167
346 -78.4079 2 1 2.8163
416 -79.2262 0 4 8.14047
556 -78.9681 1 2 58.5237
696 -79.8164 2 3 4.70613
836 -79.0807 0 3 5.00441
4168 -78.6007 1 1 2.61705
206 -78.0801 2 2 54.7089
276 -79.3102 2 2 2.37893
346 -78.4079 2 1 2.80744
416 -79.2262 0 4 8.13569
556 -78.9681 1 2 58.4501
696 -79.8164 2 3 4.72131
836 -79.0807 0 3 5.01113
4168 -78.6007 1 1 2.6099
206 -78.0801 2 2 54.6333
276 -79.3102 2 2 2.37338
346 -78.4079 2 1 2.80128
416 -79.2262 0 4 8.1193
556 -78.9681 1 2 58.3192
696 -79.8164 2 3 4.71176
836 -79.0807 0 3 5.00262
4168 -78.6007 1 1 2.60551
206 -78.0801 2 2 54.5627
276 -79.3102 2 2 2.39752
346 -78.4079 2 1 2.79447
416 -79.2262 0 4 8.11184
556 -78.9681 1 2 58.5338
696 -79.8164 2 3 4.72061
836 -79.0807 0 3 5.00562
4168 -78.6007 1 1 2.60438
206 -78.0801 2 2 54.4466
276 -79.3102 2 2 2.39446
346 -78.4079 2 1 2.78771
416 -79.2262 0 4 8.09114
556 -78.9681 1 2 58.349
696 -79.8164 2 3 4.71048
836 -79.0807 0 3 4.99542
4168 -78.6007 1 1 2.60083
206 -78.0801 1 2 54.7334
276 -79.3102 2 2 2.38542
346 -78.4079 1 1 2.80967
416 -79.2262 0 4 8.09289
556 -78.9681 1 2 58.4042
696 -79.8164 1 3 4.70002
836 -79.0807 0 3 4.98958
4168 -78.6007 1 1 2.59825
206 -78.0801 2 2 54.6529
276 -79.3102 2 2 2.38328
346 -78.4079 2 1 2.80565
416 -79.2262 0 4 8.076
556 -78.9681 1 2 58.5504
696 -79.8164 2 3 4.68849
836 -79.0807 0 3 4.97739
4168 -78.6007 1 1 2.59344
206 -78.0801 2 2 54.6436
276 -79.3102 2 2 2.39837
346 -78.4079 2 1 2.80205
416 -79.2262 0 4 8.12643
556 -78.9681 1 2 58.5941
696 -79.8164 2 3 4.69623
836 -79.0807 0 3 5.00191
4168 -78.6007 1 1 2.60493
206 -78.0801 2 2 54.7107
276 -79.3102 2 2 2.39481
346 -78.4079 2 1 2.79603
416 -79.2262 0 4 8.11443
556 -78.9681 1 2 58.5227
696 -79.8164 2 3 4.68415
836 -79.0807 0 3 4.99484
4168 -78.6007 1 1 2.59705
206 -78.0801 2 2 54.6261
276 -79.3102 2 2 2.38727
346 -78.4079 2 1 2.81256
416 -79.2262 0 4 8.17279
556 -78.9681 1 2 58.5656
696 -79.8164 2 3 4.73066
836 -79.0807 0 3 5.00929
4168 -78.6007 1 1 2.59308
206 -78.0801 2 2 54.5191
276 -79.3102 2 2 2.38271
346 -78.4079 2 1 2.80802
416 -79.2262 0 4 8.14209
556 -78.9681 1 2 58.4358
696 -79.8164 2 3 4.71911
836 -79.0807 0 3 4.99396
4168 -78.6007 1 1 2.58725
206 -78.0801 2 2 54.5246
276 -79.3102 2 2 2.38728
346 -78.4079 2 1 2.80671
416 -79.2262 0 4 8.1804
556 -78.9681 1 2 58.5322
696 -79.8164 2 3 4.78046
836 -79.0807 0 3 5.00729
4168 -78.6007 1 1 2.57974
206 -78.0801 2 2 54.5749
276 -79.3102 2 2 2.38232
346 -78.4079 2 1 2.80059
416 -79.2262 0 4 8.16121
556 -78.9681 1 2 58.6566
696 -79.8164 2 3 4.76944
836 -79.0807 0 3 4.99812
4168 -78.6007 1 1 2.57718
206 -78.0801 2 2 54.7121
276 -79.3102 2 2 2.42838
346 -78.4079 2 1 2.80946
416 -79.2262 0 4 8.18543
556 -78.9681 1 2 58.9372
696 -79.8164 2 3 4.77101
836 -79.0807 0 3 4.99958
4168 -78.6007 1 1 2.58134
206 -78.0801 2 2 54.6429
276 -79.3102 2 2 2.42124
346 -78.4079 2 1 2.80347
416 -79.2262 0 4 8.17388
556 -78.9681 1 2 58.807
696 -79.8164 2 3 4.75436
836 -79.0807 0 3 4.9913
4168 -78.6007 1 1 2.57479
206 -78.0801 2 2 54.518
276 -79.3102 2 2 2.41705
346 -78.4079 2 1 2.81565
416 -79.2262 0 4 8.18708
556 -78.9681 1 2 58.7011
696 -79.8164 2 3 4.7652
836 -79.0807 0 3 5.00483
4168 -78.6007 1 1 2.63938
206 -78.0801 2 2 54.4679
276 -79.3102 2 2 2.41068
346 -78.4079 2 1 2.80858
416 -79.2262 0 4 8.16865
556 -78.9681 1 2 58.5861
696 -79.8164 2 3 4.7506
836 -79.0807 0 3 4.9959
4168 -78.6007 1 1 2.6364
206 -78.0801 2 2 54.537
276 -79.3102 2 2 2.43849
346 -78.4079 2 1 2.82851
416 -79.2262 0 4 8.17521
556 -78.9681 1 2 58.4554
696 -79.8164 2 3 4.74724
836 -79.0807 0 3 5.01147
4168 -78.6007 1 1 2.63379
206 -78.0801 2 2 54.451
276 -79.3102 2 2 2.43561
346 -78.4079 2 1 2.82363
416 -79.2262 0 4 8.15401
556 -78.9681 1 2 58.3338
696 -79.8164 2 3 4.73615
836 -79.0807 0 3 4.99452
4168 -78.6007 1 1 2.62836
206 -78.0801 2 2 54.3675
276 -79.3102 2 2 2.42938
346 -78.4079 2 1 2.81594
416 -79.2262 0 4 8.1649
556 -78.9681 1 2 58.4432
696 -79.8164 2 3 4.77017
836 -79.0807 0 3 5.01568
4168 -78.6007 1 1 2.6276
206 -78.0801 2 2 54.3023
276 -79.3102 2 2 2.42191
346 -78.4079 2 1 2.81018
416 -79.2262 0 4 8.15509
556 -78.9681 1 2 58.3202
696 -79.8164 2 3 4.76318
836 -79.0807 0 3 5.00543
4168 -78.6007 1 1 2.62332
206 -78.0801 2 2 54.3789
276 -79.3102 2 2 2.42184
346 -78.4079 2 1 2.8202
416 -79.2262 0 4 8.14776
556 -78.9681 1 2 58.4882
696 -79.8164 2 3 4.76473
836 -79.0807 0 3 5.00525
4168 -78.6007 1 1 2.61646
206 -78.0801 2 2 54.263
276 -79.3102 2 2 2.41675
346 -78.4079 2 1 2.81749
416 -79.2262 0 4 8.13433
556 -78.9681 1 2 58.4889
696 -79.8164 2 3 4.75698
836 -79.0807 0 3 4.9976
4168 -78.6007 1 1 2.61214
206 -78.0801 2 2 54.1592
276 -79.3102 2 2 2.41903
346 -78.4079 2 1 2.82658
416 -79.2262 0 4 8.15233
556 -78.9681 1 2 58.5019
696 -79.8164 2 3 4.77312
836 -79.0807 0 3 4.98664
4168 -78.6007 1 1 2.60841
206 -78.0801 2 2 54.0834
276 -79.3102 2 2 2.41263
346 -78.4079 2 1 2.82031
416 -79.2262 0 4 8.13918
556 -78.9681 1 2 58.4311
696 -79.8164 2 3 4.7608
836 -79.0807 0 3 4.97731
4168 -78.6007 1 1 2.60065
206 -78.0801 2 2 54.0093
276 -79.3102 2 2 2.41747
346 -78.4079 2 1 2.81746
416 -79.2262 0 4 8.18165
556 -78.9681 1 2 58.3601
696 -79.8164 2 3 4.75619
836 -79.0807 0 3 4.99707
4168 -78.6007 1 1 2.60192
206 -78.0801 2 2 53.9028
276 -79.3102 2 2 2.41216
346 -78.4079 2 1 2.81202
416 -79.2262 0 4 8.16796
556 -78.9681 1 2 58.2244
696 -79.8164 2 3 4.74543
836 -79.0807 0 3 4.98425
4168 -78.6007 1 1 2.59589
206 -78.0801 2 2 53.8593
276 -79.3102 2 2 2.47635
346 -78.4079 2 1 2.81611
416 -79.2262 0 4 8.15855
556 -78.9681 1 2 58.1689
696 -79.8164 2 3 4.75305
836 -79.0807 0 3 5.00885
4168 -78.6007 1 1 2.58855
206 -78.0801 2 2 53.6973
276 -79.3102 2 2 2.4734
346 -78.4079 2 1 2.81121
416 -79.2262 0 4 8.1352
556 -78.9681 1 2 58.0038
696 -79.8164 2 3 4.74005
836 -79.0807 0 3 5.00006
4168 -78.6007 1 1 2.58289
206 -78.0801 2 2 53.6747
276 -79.3102 2 2 2.46562
346 -78.4079 2 1 2.80734
416 -79.2262 0 4 8.17202
556 -78.9681 1 2 58.0785
696 -79.8164 2 3 4.73541
836 -79.0807 0 3 5.02569
4168 -78.6007 1 1 2.59265
206 -78.0801 2 2 53.5466
276 -79.3102 2 2 2.46173
346 -78.4079 2 1 2.79888
416 -79.2262 0 4 8.15286
556 -78.9681 1 2 57.9973
696 -79.8164 2 3 4.72272
836 -79.0807 0 3 5.01231
4168 -78.6007 1 1 2.58924
206 -78.0801 2 2 53.5848
276 -79.3102 2 2 2.45845
346 -78.4079 2 1 2.8357
416 -79.2262 0 4 8.16261
556 -78.9681 1 2 58.0173
696 -79.8164 2 3 4.74766
836 -79.0807 0 3 5.00128
4168 -78.6007 1 1 2.58684
206 -78.0801 2 2 53.5986
276 -79.3102 2 2 2.45016
346 -78.4079 2 1 2.83216
416 -79.2262 0 4 8.14595
556 -78.9681 1 2 58.109
696 -79.8164 2 3 4.73678
836 -79.0807 0 3 4.99486
4168 -78.6007 1 1 2.58177
206 -78.0801 2 2 53.6381
276 -79.3102 2 2 2.45025
346 -78.4079 2 1 2.82309
416 -79.2262 0 4 8.19376
556 -78.9681 1 2 58.0253
696 -79.8164 2 3 4.78979
836 -79.0807 0 3 4.98537
4168 -78.6007 1 1 2.59891
206 -78.0801 2 2 53.5042
276 -79.3102 2 2 2.44821
346 -78.4079 2 1 2.81964
416 -79.2262 0 4 8.18296
556 -78.9681 1 2 57.9702
696 -79.8164 2 3 4.78061
836 -79.0807 0 3 4.97387
4168 -78.6007 1 1 2.59333
206 -78.0801 2 2 53.7224
276 -79.3102 2 2 2.46251
346 -78.4079 2 1 2.81222
416 -79.2262 0 4 8.20171
556 -78.9681 1 2 58.1478
696 -79.8164 2 3 4.80047
836 -79.0807 0 3 4.98494
4168 -78.6007 1 1 2.5944
206 -78.0801 2 2 53.6888
276 -79.3102 2 2 2.45623
346 -78.4079 2 1 2.80687
416 -79.2262 0 4 8.17823
556 -78.9681 1 2 58.054
696 -79.8164 2 3 4.78618
836 -79.0807 0 3 4.96937
4168 -78.6007 1 1 2.58872
